       2052.8680       2052.8558       2052.8435       2052.8313       2052.8190
       2052.8068       2052.7945       2052.7823       2052.7701       2052.7578
       2052.7456       2052.7333       2052.7211       2052.7088       2052.6966
       2052.6843       2052.6721       2052.6598       2052.6476       2052.6354
       2052.6231       2052.6109       2052.5986       2052.5864       2052.5741
       2052.5619       2052.5496       2052.5374       2052.5251       2052.5129
       2052.5006       2052.4884       2052.4761       2052.4639       2052.4516
       2052.4394       2052.4272       2052.4149       2052.4027       2052.3904
       2052.3782       2052.3659       2052.3537       2052.3414       2052.3292
       2052.3169       2052.3047       2052.2924       2052.2802       2052.2679
       2052.2557       2052.2434       2052.2312       2052.2189       2052.2067
       2052.1944       2052.1822       2052.1699       2052.1577       2052.1454
       2052.1332       2052.1209       2052.1087       2052.0964       2052.0841
       2052.0719       2052.0596       2052.0474       2052.0351       2052.0229
       2052.0106       2051.9984       2051.9861       2051.9739       2051.9616
       2051.9494       2051.9371       2051.9249       2051.9126       2051.9004
       2051.8881       2051.8759       2051.8636       2051.8514       2051.8391
       2051.8269       2051.8146       2051.8024       2051.7901       2051.7779
       2051.7656       2051.7534       2051.7411       2051.7288       2051.7166
       2051.7043       2051.6921       2051.6798       2051.6676       2051.6553
       2051.6431       2051.6308       2051.6186       2051.6063       2051.5941
       2051.5818       2051.5696       2051.5573       2051.5451       2051.5328
       2051.5206       2051.5083       2051.4961       2051.4838       2051.4716
       2051.4593       2051.4471       2051.4348       2051.4226       2051.4103
       2051.3981       2051.3858       2051.3736       2051.3613       2051.3491
       2051.3368       2051.3246       2051.3123       2051.3001       2051.2878
       2051.2756       2051.2633       2051.2511       2051.2388       2051.2266
       2051.2143       2051.2021       2051.1898       2051.1776       2051.1653
       2051.1531       2051.1408       2051.1286       2051.1164       2051.1041
       2051.0919       2051.0796       2051.0674       2051.0551       2051.0429
       2051.0306       2051.0184       2051.0061       2050.9939       2050.9816
       2050.9694       2050.9572       2050.9449       2050.9327       2050.9204
       2050.9082       2050.8959       2050.8837       2050.8714       2050.8592
       2050.8470       2050.8347       2050.8225       2050.8102       2050.7980
       2050.7857       2050.7735       2050.7613       2050.7490       2050.7368
       2050.7245       2050.7123       2050.7001       2050.6878       2050.6756
       2050.6633       2050.6511       2050.6389       2050.6266       2050.6144
       2050.6021       2050.5899       2050.5777       2050.5654       2050.5532
       2050.5409       2050.5287       2050.5165       2050.5042       2050.4920
       2050.4798       2050.4675       2050.4553       2050.4431       2050.4308
       2050.4186       2050.4064       2050.3941       2050.3819       2050.3697
       2050.3574       2050.3452       2050.3330       2050.3207       2050.3085
       2050.2963       2050.2840       2050.2718       2050.2596       2050.2473
       2050.2351       2050.2229       2050.2106       2050.1984       2050.1862
       2050.1740       2050.1617       2050.1495       2050.1373       2050.1250
       2050.1128       2050.1006       2050.0884       2050.0761       2050.0639
       2050.0517       2050.0395       2050.0272       2050.0150       2050.0028
       2049.9906       2049.9783       2049.9661       2049.9539       2049.9417
       2049.9294       2049.9172       2049.9050       2049.8928       2049.8806
       2049.8683       2049.8561       2049.8439       2049.8317       2049.8195
       2049.8072       2049.7950       2049.7828       2049.7706       2049.7584
       2049.7462       2049.7339       2049.7217       2049.7095       2049.6973
       2049.6851       2049.6729       2049.6606       2049.6484       2049.6362
       2049.6240       2049.6118       2049.5996       2049.5874       2049.5752
       2049.5629       2049.5507       2049.5385       2049.5263       2049.5141
       2049.5019       2049.4897       2049.4775       2049.4653       2049.4531
       2049.4409       2049.4287       2049.4164       2049.4042       2049.3920
       2049.3798       2049.3676       2049.3554       2049.3432       2049.3310
       2049.3188       2049.3066       2049.2944       2049.2822       2049.2700
       2049.2578       2049.2456       2049.2334       2049.2212       2049.2090
       2049.1968       2049.1846       2049.1724       2049.1602       2049.1480
       2049.1358       2049.1236       2049.1114       2049.0992       2049.0870
       2049.0749       2049.0627       2049.0505       2049.0383       2049.0261
       2049.0139       2049.0017       2048.9895       2048.9773       2048.9651
       2048.9529       2048.9408       2048.9286       2048.9164       2048.9042
       2048.8920       2048.8798       2048.8676       2048.8554       2048.8433
       2048.8311       2048.8189       2048.8067       2048.7945       2048.7823
       2048.7702       2048.7580       2048.7458       2048.7336       2048.7214
       2048.7093       2048.6971       2048.6849       2048.6727       2048.6606
       2048.6484       2048.6362       2048.6240       2048.6118       2048.5997
       2048.5875       2048.5753       2048.5632       2048.5510       2048.5388
       2048.5266       2048.5145       2048.5023       2048.4901       2048.4780
       2048.4658       2048.4536       2048.4414       2048.4293       2048.4171
       2048.4049       2048.3928       2048.3806       2048.3685       2048.3563
       2048.3441       2048.3320       2048.3198       2048.3076       2048.2955
       2048.2833       2048.2711       2048.2590       2048.2468       2048.2347
       2048.2225       2048.2104       2048.1982       2048.1860       2048.1739
       2048.1617       2048.1496       2048.1374       2048.1253       2048.1131
       2048.1010       2048.0888       2048.0767       2048.0645       2048.0523
       2048.0402       2048.0280       2048.0159       2048.0038       2047.9916
       2047.9795       2047.9673       2047.9552       2047.9430       2047.9309
       2047.9187       2047.9066       2047.8944       2047.8823       2047.8702
       2047.8580       2047.8459       2047.8337       2047.8216       2047.8094
       2047.7973       2047.7852       2047.7730       2047.7609       2047.7488
       2047.7366       2047.7245       2047.7123       2047.7002       2047.6881
       2047.6759       2047.6638       2047.6517       2047.6395       2047.6274
       2047.6153       2047.6032       2047.5910       2047.5789       2047.5668
       2047.5546       2047.5425       2047.5304       2047.5183       2047.5061
       2047.4940       2047.4819       2047.4698       2047.4576       2047.4455
       2047.4334       2047.4213       2047.4092       2047.3970       2047.3849
       2047.3728       2047.3607       2047.3486       2047.3364       2047.3243
       2047.3122       2047.3001       2047.2880       2047.2759       2047.2637
       2047.2516       2047.2395       2047.2274       2047.2153       2047.2032
       2047.1911       2047.1790       2047.1669       2047.1547       2047.1426
       2047.1305       2047.1184       2047.1063       2047.0942       2047.0821
       2047.0700       2047.0579       2047.0458       2047.0337       2047.0216
       2047.0095       2046.9974       2046.9853       2046.9732       2046.9611
       2046.9490       2046.9369       2046.9248       2046.9127       2046.9006
       2046.8885       2046.8764       2046.8643       2046.8522       2046.8401
       2046.8280       2046.8159       2046.8039       2046.7918       2046.7797
       2046.7676       2046.7555       2046.7434       2046.7313       2046.7192
       2046.7071       2046.6951       2046.6830       2046.6709       2046.6588
       2046.6467       2046.6346       2046.6226       2046.6105       2046.5985
       2046.5864       2046.5744       2046.5624       2046.5503       2046.5383
       2046.5262       2046.5142       2046.5021       2046.4901       2046.4781
       2046.4660       2046.4540       2046.4420       2046.4299       2046.4179
       2046.4058       2046.3938       2046.3818       2046.3697       2046.3577
       2046.3456       2046.3336       2046.3216       2046.3095       2046.2975
       2046.2855       2046.2734       2046.2614       2046.2494       2046.2373
       2046.2253       2046.2132       2046.2012       2046.1892       2046.1771
       2046.1651       2046.1531       2046.1410       2046.1290       2046.1170
       2046.1049       2046.0929       2046.0809       2046.0688       2046.0568
       2046.0448       2046.0327       2046.0207       2046.0087       2045.9966
       2045.9846       2045.9726       2045.9606       2045.9485       2045.9365
       2045.9245       2045.9124       2045.9004       2045.8884       2045.8763
       2045.8643       2045.8523       2045.8403       2045.8282       2045.8162
       2045.8042       2045.7921       2045.7801       2045.7681       2045.7561
       2045.7440       2045.7320       2045.7200       2045.7079       2045.6959
       2045.6839       2045.6719       2045.6598       2045.6478       2045.6358
       2045.6238       2045.6117       2045.5997       2045.5877       2045.5757
       2045.5636       2045.5516       2045.5396       2045.5276       2045.5155
       2045.5035       2045.4915       2045.4795       2045.4675       2045.4554
       2045.4434       2045.4314       2045.4194       2045.4073       2045.3953
       2045.3833       2045.3713       2045.3593       2045.3472       2045.3352
       2045.3232       2045.3112       2045.2992       2045.2871       2045.2751
       2045.2631       2045.2511       2045.2391       2045.2270       2045.2150
       2045.2030       2045.1910       2045.1790       2045.1670       2045.1549
       2045.1429       2045.1309       2045.1189       2045.1069       2045.0949
       2045.0828       2045.0708       2045.0588       2045.0468       2045.0348
       2045.0228       2045.0107       2044.9987       2044.9867       2044.9747
       2044.9627       2044.9507       2044.9387       2044.9267       2044.9146
       2044.9026       2044.8906       2044.8786       2044.8666       2044.8546
       2044.8426       2044.8306       2044.8185       2044.8065       2044.7945
       2044.7825       2044.7705       2044.7585       2044.7465       2044.7345
       2044.7225       2044.7105       2044.6984       2044.6864       2044.6744
       2044.6624       2044.6504       2044.6384       2044.6264       2044.6144
       2044.6024       2044.5904       2044.5784       2044.5664       2044.5543
       2044.5423       2044.5303       2044.5183       2044.5063       2044.4943
       2044.4823       2044.4703       2044.4583       2044.4463       2044.4343
       2044.4223       2044.4103       2044.3983       2044.3863       2044.3743
       2044.3623       2044.3503       2044.3383       2044.3263       2044.3143
       2044.3023       2044.2903       2044.2783       2044.2663       2044.2543
       2044.2422       2044.2302       2044.2182       2044.2062       2044.1942
       2044.1822       2044.1702       2044.1582       2044.1462       2044.1342
       2044.1223       2044.1103       2044.0983       2044.0863       2044.0743
       2044.0623       2044.0503       2044.0383       2044.0263       2044.0143
       2044.0023       2043.9903       2043.9783       2043.9663       2043.9543
       2043.9423       2043.9303       2043.9183       2043.9063       2043.8943
       2043.8823       2043.8703       2043.8583       2043.8463       2043.8343
       2043.8224       2043.8104       2043.7984       2043.7864       2043.7744
       2043.7624       2043.7504       2043.7384       2043.7264       2043.7144
       2043.7024       2043.6904       2043.6784       2043.6665       2043.6545
       2043.6425       2043.6305       2043.6185       2043.6065       2043.5945
       2043.5825       2043.5705       2043.5586       2043.5466       2043.5346
       2043.5226       2043.5106       2043.4986       2043.4866       2043.4746
       2043.4627       2043.4507       2043.4387       2043.4267       2043.4147
       2043.4027       2043.3907       2043.3787       2043.3668       2043.3548
       2043.3428       2043.3308       2043.3188       2043.3068       2043.2949
       2043.2829       2043.2709       2043.2589       2043.2469       2043.2349
       2043.2230       2043.2110       2043.1990       2043.1870       2043.1750
       2043.1631       2043.1511       2043.1391       2043.1271       2043.1151
       2043.1032       2043.0912       2043.0792       2043.0672       2043.0552
       2043.0433       2043.0313       2043.0193       2043.0073       2042.9953
       2042.9834       2042.9714       2042.9594       2042.9474       2042.9355
       2042.9235       2042.9115       2042.8995       2042.8876       2042.8756
       2042.8636       2042.8516       2042.8397       2042.8277       2042.8157
       2042.8037       2042.7918       2042.7798       2042.7678       2042.7558
       2042.7439       2042.7319       2042.7199       2042.7079       2042.6960
       2042.6840       2042.6720       2042.6601       2042.6481       2042.6361
       2042.6241       2042.6122       2042.6002       2042.5882       2042.5763
       2042.5643       2042.5523       2042.5404       2042.5284       2042.5164
       2042.5044       2042.4925       2042.4805       2042.4685       2042.4566
       2042.4446       2042.4326       2042.4207       2042.4087       2042.3967
       2042.3848       2042.3728       2042.3608       2042.3489       2042.3369
       2042.3250       2042.3130       2042.3010       2042.2891       2042.2771
       2042.2651       2042.2532       2042.2412       2042.2292       2042.2173
       2042.2053       2042.1934       2042.1814       2042.1694       2042.1575
       2042.1455       2042.1335       2042.1216       2042.1096       2042.0977
       2042.0857       2042.0737       2042.0618       2042.0498       2042.0379
       2042.0259       2042.0139       2042.0020       2041.9900       2041.9781
       2041.9661       2041.9542       2041.9422       2041.9302       2041.9183
       2041.9063       2041.8944       2041.8824       2041.8705       2041.8585
       2041.8466       2041.8346       2041.8226       2041.8107       2041.7987
       2041.7868       2041.7748       2041.7629       2041.7509       2041.7390
       2041.7270       2041.7151       2041.7031       2041.6912       2041.6792
       2041.6673       2041.6553       2041.6433       2041.6314       2041.6194
       2041.6075       2041.5955       2041.5836       2041.5716       2041.5597
       2041.5477       2041.5358       2041.5239       2041.5119       2041.5000
       2041.4880       2041.4761       2041.4641       2041.4522       2041.4402
       2041.4283       2041.4163       2041.4044       2041.3924       2041.3805
       2041.3685       2041.3566       2041.3447       2041.3327       2041.3208
       2041.3088       2041.2969       2041.2849       2041.2730       2041.2610
       2041.2491       2041.2372       2041.2252       2041.2133       2041.2013
       2041.1894       2041.1774       2041.1655       2041.1536       2041.1416
       2041.1297       2041.1177       2041.1058       2041.0939       2041.0819
       2041.0700       2041.0580       2041.0461       2041.0342       2041.0222
       2041.0103       2040.9984       2040.9864       2040.9745       2040.9625
       2040.9506       2040.9387       2040.9267       2040.9148       2040.9029
       2040.8909       2040.8790       2040.8671       2040.8551       2040.8432
       2040.8313       2040.8193       2040.8074       2040.7955       2040.7835
       2040.7716       2040.7597       2040.7477       2040.7358       2040.7239
       2040.7119       2040.7000       2040.6881       2040.6761       2040.6642
       2040.6523       2040.6403       2040.6284       2040.6165       2040.6046
       2040.5926       2040.5807       2040.5688       2040.5568       2040.5449
       2040.5330       2040.5211       2040.5091       2040.4972       2037.0835
       2037.0717       2037.0599       2037.0481       2037.0363       2037.0245
       2037.0127       2037.0009       2036.9891       2036.9773       2036.9656
       2036.9538       2036.9420       2036.9302       2036.9185       2036.9067
       2036.8950       2036.8832       2036.8714       2036.8597       2036.8479
       2036.8362       2036.8244       2036.8127       2036.8010       2036.7892
       2036.7775       2036.7657       2036.7540       2036.7423       2036.7306
       2036.7188       2036.7071       2036.6954       2036.6837       2036.6720
       2036.6602       2036.6485       2036.6368       2036.6251       2036.6134
       2036.6017       2036.5900       2036.5783       2036.5666       2036.5549
       2036.5432       2036.5315       2036.5198       2036.5081       2036.4964
       2036.4847       2036.4730       2036.4613       2036.4497       2036.4380
       2036.4263       2036.4146       2036.4029       2036.3913       2036.3796
       2036.3679       2036.3562       2036.3446       2036.3329       2036.3212
       2036.3095       2036.2979       2036.2862       2036.2745       2036.2629
       2036.2512       2036.2395       2036.2279       2036.2162       2036.2046
       2036.1929       2036.1812       2036.1696       2036.1579       2036.1463
       2036.1346       2036.1229       2036.1113       2036.0996       2036.0880
       2036.0763       2036.0647       2036.0530       2036.0414       2036.0297
       2036.0181       2036.0064       2035.9948       2035.9831       2035.9715
       2035.9598       2035.9482       2035.9365       2035.9249       2035.9133
       2035.9016       2035.8900       2035.8783       2035.8667       2035.8550
       2035.8434       2035.8318       2035.8201       2035.8085       2035.7968
       2035.7852       2035.7735       2035.7619       2035.7503       2035.7386
       2035.7270       2035.7153       2035.7037       2035.6921       2035.6804
       2035.6688       2035.6571       2035.6455       2035.6339       2035.6222
       2035.6106       2035.5990       2035.5873       2035.5757       2035.5640
       2035.5524       2035.5408       2035.5291       2035.5175       2035.5058
       2035.4942       2035.4826       2035.4709       2035.4593       2035.4476
       2035.4360       2035.4244       2035.4127       2035.4011       2035.3895
       2035.3778       2035.3662       2035.3545       2035.3429       2035.3313
       2035.3196       2035.3080       2035.2963       2035.2847       2035.2731
       2035.2614       2035.2498       2035.2381       2035.2265       2035.2149
       2035.2032       2035.1916       2035.1799       2035.1683       2035.1567
       2035.1450       2035.1334       2035.1217       2035.1101       2035.0984
       2035.0868       2035.0752       2035.0635       2035.0519       2035.0402
       2035.0286       2035.0169       2035.0053       2034.9936       2034.9820
       2034.9704       2034.9587       2034.9471       2034.9354       2034.9238
       2034.9121       2034.9005       2034.8888       2034.8772       2034.8655
       2034.8539       2034.8422       2034.8306       2034.8189       2034.8073
       2034.7956       2034.7840       2034.7723       2034.7607       2034.7490
       2034.7374       2034.7257       2034.7141       2034.7024       2034.6908
       2034.6791       2034.6675       2034.6558       2034.6442       2034.6325
       2034.6209       2034.6092       2034.5976       2034.5859       2034.5743
       2034.5626       2034.5509       2034.5393       2034.5276       2034.5160
       2034.5043       2034.4927       2034.4810       2034.4694       2034.4577
       2034.4460       2034.4344       2034.4227       2034.4111       2034.3994
       2034.3878       2034.3761       2034.3644       2034.3528       2034.3411
       2034.3295       2034.3178       2034.3062       2034.2945       2034.2828
       2034.2712       2034.2595       2034.2479       2034.2362       2034.2245
       2034.2129       2034.2012       2034.1896       2034.1779       2034.1662
       2034.1546       2034.1429       2034.1312       2034.1196       2034.1079
       2034.0963       2034.0846       2034.0729       2034.0613       2034.0496
       2034.0380       2034.0263       2034.0146       2034.0030       2033.9913
       2033.9796       2033.9680       2033.9563       2033.9447       2033.9330
       2033.9213       2033.9097       2033.8980       2033.8863       2033.8747
       2033.8630       2033.8514       2033.8397       2033.8280       2033.8164
       2033.8047       2033.7930       2033.7814       2033.7697       2033.7581
       2033.7464       2033.7347       2033.7231       2033.7114       2033.6997
       2033.6881       2033.6764       2033.6648       2033.6531       2033.6414
       2033.6298       2033.6181       2033.6065       2033.5948       2033.5831
       2033.5715       2033.5598       2033.5482       2033.5365       2033.5248
       2033.5132       2033.5015       2033.4899       2033.4782       2033.4665
       2033.4549       2033.4432       2033.4316       2033.4199       2033.4082
       2033.3966       2033.3849       2033.3733       2033.3616       2033.3500
       2033.3383       2033.3267       2033.3150       2033.3033       2033.2917
       2033.2800       2033.2684       2033.2567       2033.2451       2033.2334
       2033.2218       2033.2101       2033.1985       2033.1868       2033.1752
       2033.1635       2033.1519       2033.1402       2033.1286       2033.1169
       2033.1053       2033.0936       2033.0820       2033.0703       2033.0587
       2033.0470       2033.0354       2033.0237       2033.0121       2033.0005
       2032.9888       2032.9772       2032.9655       2032.9539       2032.9422
       2032.9306       2032.9190       2032.9073       2032.8957       2032.8840
       2032.8724       2032.8608       2032.8491       2032.8375       2032.8259
       2032.8142       2032.8026       2032.7910       2032.7793       2032.7677
       2032.7561       2032.7444       2032.7328       2032.7212       2032.7095
       2032.6979       2032.6863       2032.6747       2032.6630       2032.6514
       2032.6398       2032.6282       2032.6165       2032.6049       2032.5933
       2032.5817       2032.5701       2032.5584       2032.5468       2032.5352
       2032.5236       2032.5120       2032.5004       2032.4887       2032.4771
       2032.4655       2032.4539       2032.4423       2032.4307       2032.4191
       2032.4075       2032.3959       2032.3843       2032.3727       2032.3610
       2032.3494       2032.3378       2032.3262       2032.3146       2032.3030
       2032.2914       2032.2798       2032.2682       2032.2566       2032.2451
       2032.2335       2032.2219       2032.2103       2032.1987       2032.1871
       2032.1755       2032.1639       2032.1523       2032.1407       2032.1292
       2032.1176       2032.1060       2032.0944       2032.0828       2032.0712
       2032.0597       2032.0481       2032.0365       2032.0249       2032.0134
       2032.0018       2031.9902       2031.9786       2031.9671       2031.9555
       2031.9439       2031.9324       2031.9208       2031.9092       2031.8977
       2031.8861       2031.8745       2031.8630       2031.8514       2031.8399
       2031.8283       2031.8168       2031.8052       2031.7936       2031.7821
       2031.7705       2031.7590       2031.7474       2031.7359       2031.7244
       2031.7128       2031.7013       2031.6897       2031.6782       2031.6666
       2031.6551       2031.6436       2031.6320       2031.6205       2031.6090
       2031.5974       2031.5859       2031.5744       2031.5628       2031.5513
       2031.5398       2031.5283       2031.5167       2031.5052       2031.4937
       2031.4822       2031.4707       2031.4591       2031.4476       2031.4361
       2031.4246       2031.4131       2031.4016       2031.3901       2031.3786
       2031.3671       2031.3555       2031.3440       2031.3325       2031.3210
       2031.3095       2031.2980       2031.2865       2031.2750       2031.2636
       2031.2521       2031.2406       2031.2291       2031.2176       2031.2061
       2031.1946       2031.1831       2031.1717       2031.1602       2031.1487
       2031.1372       2031.1257       2031.1143       2031.1028       2031.0913
       2031.0799       2031.0684       2031.0569       2031.0454       2031.0340
       2031.0225       2031.0110       2030.9996       2030.9881       2030.9766
       2030.9651       2030.9537       2030.9422       2030.9307       2030.9192
       2030.9078       2030.8963       2030.8848       2030.8733       2030.8618
       2030.8504       2030.8389       2030.8274       2030.8159       2030.8044
       2030.7930       2030.7815       2030.7700       2030.7585       2030.7470
       2030.7356       2030.7241       2030.7126       2030.7011       2030.6896
       2030.6781       2030.6666       2030.6552       2030.6437       2030.6322
       2030.6207       2030.6092       2030.5977       2030.5862       2030.5747
       2030.5633       2030.5518       2030.5403       2030.5288       2030.5173
       2030.5058       2030.4943       2030.4828       2030.4713       2030.4599
       2030.4484       2030.4369       2030.4254       2030.4139       2030.4024
       2030.3909       2030.3794       2030.3679       2030.3564       2030.3449
       2030.3334       2030.3220       2030.3105       2030.2990       2030.2875
       2030.2760       2030.2645       2030.2530       2030.2415       2030.2300
       2030.2185       2030.2070       2030.1955       2030.1840       2030.1725
       2030.1610       2030.1495       2030.1380       2030.1266       2030.1151
       2030.1036       2030.0921       2030.0806       2030.0691       2030.0576
       2030.0461       2030.0346       2030.0231       2030.0116       2030.0001
       2029.9886       2029.9771       2029.9656       2029.9541       2029.9426
       2029.9311       2029.9196       2029.9082       2029.8967       2029.8852
       2029.8737       2029.8622       2029.8507       2029.8392       2029.8277
       2029.8162       2029.8047       2029.7932       2029.7817       2029.7702
       2029.7587       2029.7472       2029.7357       2029.7243       2029.7128
       2029.7013       2029.6898       2029.6783       2029.6668       2029.6553
       2029.6438       2029.6323       2029.6208       2029.6093       2029.5978
       2029.5864       2029.5749       2029.5634       2029.5519       2029.5404
       2029.5289       2029.5174       2029.5059       2029.4944       2029.4830
       2029.4715       2029.4600       2029.4485       2029.4370       2029.4255
       2029.4140       2029.4025       2029.3911       2029.3796       2029.3681
       2029.3566       2029.3451       2029.3336       2029.3221       2029.3107
       2029.2992       2029.2877       2029.2762       2029.2647       2029.2533
       2029.2418       2029.2303       2029.2188       2029.2073       2029.1959
       2029.1844       2029.1729       2029.1614       2029.1499       2029.1385
       2029.1270       2029.1155       2029.1040       2029.0926       2029.0811
       2029.0696       2029.0581       2029.0467       2029.0352       2029.0237
       2029.0122       2029.0008       2028.9893       2028.9778       2028.9664
       2028.9549       2028.9434       2028.9320       2028.9205       2028.9090
       2028.8975       2028.8861       2028.8746       2028.8632       2028.8517
       2028.8402       2028.8288       2028.8173       2028.8058       2028.7944
       2028.7829       2028.7715       2028.7600       2028.7485       2028.7371
       2028.7256       2028.7142       2028.7027       2028.6912       2028.6798
       2028.6683       2028.6569       2028.6454       2028.6340       2028.6225
       2028.6111       2028.5996       2028.5882       2028.5767       2028.5653
       2028.5538       2028.5424       2028.5309       2028.5195       2028.5080
       2028.4966       2028.4852       2028.4737       2028.4623       2028.4508
       2028.4394       2028.4280       2028.4165       2028.4051       2028.3936
       2028.3822       2028.3708       2028.3593       2028.3479       2028.3365
       2028.3250       2028.3136       2028.3022       2028.2907       2028.2793
       2028.2679       2028.2565       2028.2450       2028.2336       2028.2222
       2028.2108       2028.1993       2028.1879       2028.1765       2028.1651
       2028.1537       2028.1422       2028.1308       2028.1194       2028.1080
       2028.0966       2028.0852       2028.0737       2028.0623       2028.0509
       2028.0395       2028.0281       2028.0167       2028.0053       2027.9939
       2027.9825       2027.9711       2027.9597       2027.9483       2027.9369
       2027.9255       2027.9141       2027.9027       2027.8913       2027.8799
       2027.8685       2027.8571       2027.8457       2027.8343       2027.8229
       2027.8115       2027.8001       2027.7887       2027.7773       2027.7659
       2027.7546       2027.7432       2027.7318       2027.7204       2027.7090
       2027.6977       2027.6863       2027.6749       2027.6635       2027.6521
       2027.6408       2027.6294       2027.6180       2027.6066       2027.5953
       2027.5839       2027.5725       2027.5612       2027.5498       2027.5384
       2027.5271       2027.5157       2027.5044       2027.4930       2027.4816
       2027.4703       2027.4589       2027.4476       2027.4362       2027.4249
       2027.4135       2027.4022       2027.3908       2027.3795       2027.3681
       2027.3568       2027.3454       2027.3341       2027.3227       2027.3114
       2027.3001       2027.2887       2027.2774       2027.2660       2027.2547
       2027.2434       2027.2320       2027.2207       2027.2094       2027.1981
       2027.1867       2027.1754       2027.1641       2027.1528       2027.1414
       2027.1301       2027.1188       2027.1075       2027.0962       2027.0848
       2027.0735       2027.0622       2027.0509       2027.0396       2027.0283
       2027.0170       2027.0057       2026.9944       2026.9831       2026.9718
       2026.9605       2026.9492       2026.9379       2026.9266       2026.9153
       2026.9040       2026.8927       2026.8814       2026.8701       2026.8588
       2026.8475       2026.8362       2026.8250       2026.8137       2026.8024
       2026.7911       2026.7798       2026.7686       2026.7573       2026.7460
       2026.7347       2026.7235       2026.7122       2026.7009       2026.6897
       2026.6784       2026.6671       2026.6559       2026.6446       2026.6333
       2026.6221       2026.6108       2026.5996       2026.5883       2026.5771
       2026.5658       2026.5546       2026.5433       2026.5321       2026.5208
       2026.5096       2026.4984       2026.4871       2026.4759       2026.4646
       2026.4534       2026.4422       2026.4309       2026.4197       2026.4085
       2026.3972       2026.3860       2026.3748       2026.3636       2026.3524
       2026.3411       2026.3299       2026.3187       2026.3075       2026.2963
       2026.2851       2026.2738       2026.2626       2026.2514       2026.2402
       2026.2290       2026.2178       2026.2066       2026.1954       2026.1842
       2026.1730       2026.1618       2026.1506       2026.1394       2026.1283
       2026.1171       2026.1059       2026.0947       2026.0835       2026.0723
       2026.0612       2026.0500       2026.0388       2026.0276       2026.0165
       2026.0053       2025.9941       2025.9829       2025.9718       2025.9606
       2025.9495       2025.9383       2025.9271       2025.9160       2025.9048
       2025.8937       2025.8825       2025.8714       2025.8602       2025.8491
       2025.8379       2025.8268       2025.8156       2025.8045       2025.7934
       2025.7822       2025.7711       2025.7600       2025.7488       2025.7377
       2025.7266       2025.7154       2025.7043       2025.6932       2025.6821
       2025.6710       2025.6598       2025.6487       2025.6376       2025.6265
       2025.6154       2025.6043       2025.5932       2025.5821       2025.5710
       2025.5599       2025.5488       2025.5377       2025.5266       2025.5155
       2025.5044       2025.4933       2025.4822       2025.4711       2025.4601
       2025.4490       2025.4379       2025.4268       2025.4157       2025.4047
       2025.3936       2025.3825       2025.3714       2025.3604       2025.3493
       2025.3382       2025.3272       2025.3161       2022.1986       2022.1874
       2022.1761       2022.1649       2022.1538       2022.1426       2022.1312
       2022.1200       2022.1090       2022.0978       2022.0865       2022.0753
       2022.0643       2022.0531       2022.0419       2022.0308       2022.0195
       2022.0084       2021.9971       2021.9860       2021.9746       2021.9635
       2021.9521       2021.9409       2021.9297       2021.9185       2021.9071
       2021.8964       2021.8850       2021.8737       2021.8625       2021.8513
       2021.8401       2021.8287       2021.8176       2021.8062       2021.7949
       2021.7838       2021.7726       2021.7612       2021.7502       2021.7391
       2021.7278       2021.7164       2021.7053       2021.6940       2021.6829
       2021.6715       2021.6603       2021.6490       2021.6378       2021.6267
       2021.6154       2021.6040       2021.5929       2021.5815       2021.5703
       2021.5590       2021.5481       2021.5366       2021.5255       2021.5140
       2021.5031       2021.4917       2021.4805       2021.4691       2021.4580
       2021.4467       2021.4354       2021.4242       2021.4130       2021.4017
       2021.3903       2021.3793       2021.3680       2021.3567       2021.3456
       2021.3344       2021.3230       2021.3119       2021.3005       2021.2892
       2021.2782       2021.2668       2021.2556       2021.2441       2021.2332
       2021.2219       2021.2106       2021.1993       2021.1881       2021.1769
       2021.1658       2021.1545       2021.1432       2021.1320       2021.1207
       2021.1096       2021.0983       2021.0872       2021.0757       2021.0646
       2021.0533       2021.0421       2021.0308       2021.0197       2021.0084
       2020.9972       2020.9861       2020.9747       2020.9635       2020.9524
       2020.9410       2020.9298       2020.9186       2020.9073       2020.8961
       2020.8850       2020.8737       2020.8624       2020.8512       2020.8402
       2020.8290       2020.8177       2020.8065       2020.7953       2020.7841
       2020.7728       2020.7617       2020.7505       2020.7391       2020.7280
       2020.7168       2020.7054       2020.6946       2020.6832       2020.6720
       2020.6608       2020.6497       2020.6384       2020.6272       2020.6162
       2020.6049       2020.5936       2020.5825       2020.5712       2020.5602
       2020.5491       2020.5378       2020.5266       2020.5154       2020.5043
       2020.4930       2020.4819       2020.4706       2020.4596       2020.4485
       2020.4373       2020.4259       2020.4148       2020.4037       2020.3925
       2020.3815       2020.3704       2020.3591       2020.3479       2020.3367
       2020.3256       2020.3145       2020.3032       2020.2921       2020.2810
       2020.2697       2020.2588       2020.2474       2020.2365       2020.2253
       2020.2142       2020.2029       2020.1919       2020.1807       2020.1696
       2020.1584       2020.1472       2020.1361       2020.1250       2020.1140
       2020.1028       2020.0917       2020.0806       2020.0693       2020.0582
       2020.0471       2020.0360       2020.0249       2020.0138       2020.0028
       2019.9916       2019.9803       2019.9695       2019.9583       2019.9471
       2019.9362       2019.9249       2019.9138       2019.9028       2019.8916
       2019.8805       2019.8695       2019.8584       2019.8473       2019.8363
       2019.8252       2019.8140       2019.8030       2019.7919       2019.7808
       2019.7697       2019.7585       2019.7476       2019.7363       2019.7252
       2019.7144       2019.7032       2019.6921       2019.6812       2019.6700
       2019.6589       2019.6479       2019.6368       2019.6259       2019.6146
       2019.6038       2019.5924       2019.5815       2019.5706       2019.5593
       2019.5483       2019.5374       2019.5264       2019.5153       2019.5042
       2019.4930       2019.4822       2019.4711       2019.4601       2019.4490
       2019.4380       2019.4270       2019.4159       2019.4048       2019.3939
       2019.3828       2019.3717       2019.3608       2019.3497       2019.3386
       2019.3276       2019.3167       2019.3055       2019.2944       2019.2836
       2019.2725       2019.2616       2019.2505       2019.2395       2019.2284
       2019.2175       2019.2064       2019.1954       2019.1846       2019.1736
       2019.1624       2019.1514       2019.1404       2019.1294       2019.1184
       2019.1074       2019.0966       2019.0854       2019.0745       2019.0635
       2019.0524       2019.0413       2019.0304       2019.0195       2019.0084
       2018.9974       2018.9865       2018.9756       2018.9647       2018.9536
       2018.9425       2018.9315       2018.9207       2018.9095       2018.8986
       2018.8877       2018.8766       2018.8656       2018.8549       2018.8438
       2018.8329       2018.8219       2018.8108       2018.7998       2018.7889
       2018.7778       2018.7670       2018.7559       2018.7451       2018.7341
       2018.7229       2018.7122       2018.7012       2018.6902       2018.6792
       2018.6683       2018.6573       2018.6465       2018.6354       2018.6245
       2018.6134       2018.6025       2018.5916       2018.5806       2018.5697
       2018.5586       2018.5476       2018.5367       2018.5259       2018.5149
       2018.5040       2018.4930       2018.4821       2018.4711       2018.4601
       2018.4492       2018.4382       2018.4274       2018.4164       2018.4053
       2018.3944       2018.3835       2018.3724       2018.3616       2018.3507
       2018.3396       2018.3287       2018.3177       2018.3069       2018.2960
       2018.2852       2018.2742       2018.2632       2018.2522       2018.2412
       2018.2302       2018.2194       2018.2085       2018.1974       2018.1864
       2018.1757       2018.1646       2018.1537       2018.1428       2018.1320
       2018.1210       2018.1101       2018.0991       2018.0881       2018.0774
       2018.0664       2018.0553       2018.0442       2018.0334       2018.0225
       2018.0115       2018.0006       2017.9896       2017.9786       2017.9678
       2017.9568       2017.9458       2017.9351       2017.9241       2017.9131
       2017.9021       2017.8914       2017.8804       2017.8693       2017.8584
       2017.8474       2017.8364       2017.8256       2017.8147       2017.8037
       2017.7928       2017.7819       2017.7709       2017.7600       2017.7490
       2017.7382       2017.7271       2017.7162       2017.7052       2017.6943
       2017.6832       2017.6724       2017.6614       2017.6504       2017.6395
       2017.6284       2017.6177       2017.6067       2017.5956       2017.5847
       2017.5737       2017.5629       2017.5518       2017.5410       2017.5299
       2017.5190       2017.5082       2017.4971       2017.4862       2017.4752
       2017.4642       2017.4532       2017.4423       2017.4314       2017.4204
       2017.4094       2017.3984       2017.3876       2017.3766       2017.3656
       2017.3546       2017.3436       2017.3328       2017.3218       2017.3108
       2017.2998       2017.2888       2017.2778       2017.2668       2017.2560
       2017.2449       2017.2339       2017.2230       2017.2120       2017.2009
       2017.1901       2017.1791       2017.1681       2017.1571       2017.1461
       2017.1351       2017.1241       2017.1133       2017.1022       2017.0912
       2017.0802       2017.0692       2017.0582       2017.0472       2017.0363
       2017.0253       2017.0143       2017.0033       2016.9922       2016.9812
       2016.9702       2016.9592       2016.9482       2016.9373       2016.9263
       2016.9152       2016.9043       2016.8932       2016.8822       2016.8711
       2016.8602       2016.8490       2016.8380       2016.8270       2016.8160
       2016.8049       2016.7939       2016.7830       2016.7719       2016.7609
       2016.7499       2016.7388       2016.7277       2016.7168       2016.7057
       2016.6946       2016.6836       2016.6726       2016.6615       2016.6505
       2016.6394       2016.6283       2016.6173       2016.6063       2016.5952
       2016.5841       2016.5731       2016.5620       2016.5509       2016.5399
       2016.5288       2016.5179       2016.5071       2016.4962       2016.4854
       2016.4745       2016.4637       2016.4529       2016.4420       2016.4312
       2016.4203       2016.4094       2016.3986       2016.3877       2016.3768
       2016.3660       2016.3551       2016.3442       2016.3334       2016.3225
       2016.3116       2016.3008       2016.2899       2016.2791       2016.2682
       2016.2573       2016.2466       2016.2357       2016.2247       2016.2139
       2016.2030       2016.1921       2016.1814       2016.1705       2016.1597
       2016.1487       2016.1378       2016.1271       2016.1162       2016.1053
       2016.0945       2016.0836       2016.0726       2016.0618       2016.0509
       2016.0400       2016.0293       2016.0184       2016.0076       2015.9967
       2015.9858       2015.9750       2015.9640       2015.9531       2015.9424
       2015.9315       2015.9207       2015.9097       2015.8989       2015.8881
       2015.8773       2015.8663       2015.8555       2015.8446       2015.8337
       2015.8226       2015.8119       2015.8010       2015.7903       2015.7793
       2015.7686       2015.7577       2015.7467       2015.7358       2015.7251
       2015.7141       2015.7032       2015.6924       2015.6818       2015.6708
       2015.6599       2015.6492       2015.6382       2015.6273       2015.6166
       2015.6055       2015.5946       2015.5837       2015.5729       2015.5623
       2015.5513       2015.5404       2015.5297       2015.5187       2015.5079
       2015.4971       2015.4861       2015.4752       2015.4642       2015.4536
       2015.4427       2015.4319       2015.4210       2015.4102       2015.3993
       2015.3884       2015.3774       2015.3667       2015.3558       2015.3451
       2015.3342       2015.3234       2015.3124       2015.3016       2015.2906
       2015.2799       2015.2690       2015.2582       2015.2472       2015.2365
       2015.2256       2015.2148       2015.2041       2015.1930       2015.1821
       2015.1714       2015.1605       2015.1498       2015.1387       2015.1279
       2015.1172       2015.1064       2015.0955       2015.0846       2015.0737
       2015.0629       2015.0520       2015.0413       2015.0304       2015.0194
       2015.0087       2014.9979       2014.9871       2014.9762       2014.9655
       2014.9545       2014.9436       2014.9329       2014.9219       2014.9111
       2014.9001       2014.8894       2014.8787       2014.8678       2014.8569
       2014.8461       2014.8352       2014.8243       2014.8136       2014.8027
       2014.7919       2014.7811       2014.7703       2014.7595       2014.7485
       2014.7377       2014.7271       2014.7162       2014.7053       2014.6945
       2014.6836       2014.6727       2014.6620       2014.6512       2014.6404
       2014.6296       2014.6188       2014.6080       2014.5970       2014.5862
       2014.5754       2014.5646       2014.5538       2014.5430       2014.5322
       2014.5214       2014.5105       2014.4996       2014.4889       2014.4779
       2014.4670       2014.4563       2014.4454       2014.4348       2014.4238
       2014.4130       2014.4022       2014.3914       2014.3806       2014.3698
       2014.3590       2014.3481       2014.3373       2014.3267       2014.3158
       2014.3049       2014.2941       2014.2832       2014.2723       2014.2616
       2014.2507       2014.2400       2014.2291       2014.2184       2014.2075
       2014.1968       2014.1858       2014.1752       2014.1644       2014.1537
       2014.1428       2014.1320       2014.1211       2014.1102       2014.0996
       2014.0886       2014.0779       2014.0670       2014.0562       2014.0454
       2014.0347       2014.0239       2014.0131       2014.0022       2013.9916
       2013.9806       2013.9698       2013.9590       2013.9482       2013.9373
       2013.9266       2013.9159       2013.9050       2013.8943       2013.8835
       2013.8727       2013.8619       2013.8511       2013.8403       2013.8295
       2013.8187       2013.8079       2013.7970       2013.7861       2013.7753
       2013.7646       2013.7538       2013.7430       2013.7323       2013.7214
       2013.7106       2013.6998       2013.6890       2013.6782       2013.6674
       2013.6566       2013.6460       2013.6351       2013.6244       2013.6134
       2013.6027       2013.5922       2013.5811       2013.5703       2013.5596
       2013.5486       2013.5381       2013.5273       2013.5164       2013.5056
       2013.4948       2013.4840       2013.4733       2013.4624       2013.4518
       2013.4409       2013.4301       2013.4193       2013.4086       2013.3977
       2013.3868       2013.3761       2013.3654       2013.3545       2013.3439
       2013.3330       2013.3221       2013.3115       2013.3007       2013.2898
       2013.2793       2013.2683       2013.2576       2013.2467       2013.2360
       2013.2250       2013.2144       2013.2035       2013.1930       2013.1821
       2013.1711       2013.1605       2013.1497       2013.1389       2013.1279
       2013.1174       2013.1064       2013.0957       2013.0851       2013.0742
       2013.0634       2013.0526       2013.0420       2013.0310       2013.0203
       2013.0095       2012.9987       2012.9880       2012.9773       2012.9666
       2012.9557       2012.9449       2012.9341       2012.9233       2012.9125
       2012.9017       2012.8910       2012.8801       2012.8695       2012.8588
       2012.8478       2012.8372       2012.8263       2012.8156       2012.8048
       2012.7939       2012.7832       2012.7725       2012.7617       2012.7507
       2012.7400       2012.7294       2012.7185       2012.7079       2012.6969
       2012.6863       2012.6754       2012.6646       2012.6538       2012.6433
       2012.6323       2012.6216       2012.6108       2012.6000       2012.5894
       2012.5784       2012.5677       2012.5570       2012.5461       2012.5354
       2012.5249       2012.5139       2012.5031       2012.4923       2012.4816
       2012.4708       2012.4600       2012.4493       2012.4384       2012.4277
       2012.4170       2012.4064       2012.3954       2012.3846       2012.3738
       2012.3630       2012.3524       2012.3414       2012.3308       2012.3199
       2012.3092       2012.2985       2012.2876       2012.2770       2012.2662
       2012.2552       2012.2446       2012.2339       2012.2230       2012.2123
       2012.2017       2012.1909       2012.1802       2012.1693       2012.1586
       2012.1478       2012.1370       2012.1262       2012.1154       2012.1047
       2012.0940       2012.0833       2012.0725       2012.0616       2012.0510
       2012.0400       2012.0294       2012.0187       2012.0078       2011.9969
       2011.9863       2011.9757       2011.9648       2011.9541       2011.9435
       2011.9326       2011.9219       2011.9110       2011.9004       2011.8895
       2011.8788       2011.8680       2011.8574       2011.8466       2011.8358
       2011.8250       2011.8143       2011.8036       2011.7928       2011.7820
       2011.7712       2011.7605       2011.7498       2011.7391       2011.7283
       2011.7175       2011.7067       2011.6960       2011.6854       2011.6746
       2011.6638       2011.6531       2011.6425       2011.6317       2011.6210
       2011.6102       2011.5994       2011.5886       2011.5780       2011.5670
       2011.5563       2011.5458       2011.5350       2011.5243       2011.5135
       2011.5028       2011.4919       2011.4813       2011.4706       2011.4598
       2011.4490       2011.4384       2011.4277       2011.4171       2011.4062
       2011.3955       2011.3848       2011.3740       2011.3634       2011.3527
       2011.3418       2011.3311       2011.3206       2011.3099       2011.2992
       2011.2883       2011.2776       2011.2668       2011.2562       2011.2455
       2011.2349       2011.2240       2011.2134       2011.2026       2011.1920
       2011.1813       2011.1705       2011.1599       2011.1492       2011.1387
       2011.1278       2011.1172       2011.1063       2011.0958       2011.0851
       2011.0743       2011.0636       2011.0530       2011.0424       2011.0316
       2011.0209       2011.0103       2008.0865       2008.0759       2008.0653
       2008.0547       2008.0441       2008.0336       2008.0230       2008.0124
       2008.0018       2007.9912       2007.9806       2007.9700       2007.9594
       2007.9488       2007.9382       2007.9277       2007.9171       2007.9065
       2007.8959       2007.8853       2007.8747       2007.8641       2007.8535
       2007.8429       2007.8323       2007.8217       2007.8111       2007.8005
       2007.7899       2007.7794       2007.7688       2007.7582       2007.7476
       2007.7370       2007.7264       2007.7158       2007.7052       2007.6946
       2007.6840       2007.6734       2007.6628       2007.6522       2007.6416
       2007.6310       2007.6204       2007.6098       2007.5992       2007.5886
       2007.5781       2007.5675       2007.5569       2007.5463       2007.5357
       2007.5251       2007.5145       2007.5039       2007.4933       2007.4827
       2007.4721       2007.4615       2007.4509       2007.4403       2007.4297
       2007.4191       2007.4085       2007.3980       2007.3874       2007.3768
       2007.3662       2007.3556       2007.3450       2007.3344       2007.3238
       2007.3132       2007.3026       2007.2920       2007.2814       2007.2708
       2007.2603       2007.2497       2007.2391       2007.2285       2007.2179
       2007.2073       2007.1967       2007.1861       2007.1755       2007.1649
       2007.1544       2007.1438       2007.1332       2007.1226       2007.1120
       2007.1014       2007.0908       2007.0803       2007.0697       2007.0591
       2007.0485       2007.0379       2007.0273       2007.0167       2007.0062
       2006.9956       2006.9850       2006.9744       2006.9638       2006.9532
       2006.9427       2006.9321       2006.9215       2006.9109       2006.9003
       2006.8898       2006.8792       2006.8686       2006.8580       2006.8475
       2006.8369       2006.8263       2006.8157       2006.8051       2006.7946
       2006.7840       2006.7734       2006.7628       2006.7523       2006.7417
       2006.7311       2006.7206       2006.7100       2006.6994       2006.6888
       2006.6783       2006.6677       2006.6571       2006.6466       2006.6360
       2006.6254       2006.6149       2006.6043       2006.5937       2006.5832
       2006.5726       2006.5620       2006.5515       2006.5409       2006.5304
       2006.5198       2006.5092       2006.4987       2006.4881       2006.4776
       2006.4670       2006.4564       2006.4459       2006.4353       2006.4248
       2006.4142       2006.4037       2006.3931       2006.3826       2006.3720
       2006.3615       2006.3509       2006.3404       2006.3298       2006.3193
       2006.3087       2006.2982       2006.2876       2006.2771       2006.2665
       2006.2560       2006.2454       2006.2349       2006.2243       2006.2138
       2006.2033       2006.1927       2006.1822       2006.1716       2006.1611
       2006.1506       2006.1400       2006.1295       2006.1189       2006.1084
       2006.0979       2006.0873       2006.0768       2006.0663       2006.0557
       2006.0452       2006.0347       2006.0242       2006.0136       2006.0031
       2005.9926       2005.9820       2005.9715       2005.9610       2005.9505
       2005.9399       2005.9294       2005.9189       2005.9084       2005.8979
       2005.8873       2005.8768       2005.8663       2005.8558       2005.8453
       2005.8348       2005.8242       2005.8137       2005.8032       2005.7927
       2005.7822       2005.7717       2005.7612       2005.7507       2005.7401
       2005.7296       2005.7191       2005.7086       2005.6981       2005.6876
       2005.6771       2005.6666       2005.6561       2005.6456       2005.6351
       2005.6246       2005.6141       2005.6036       2005.5931       2005.5826
       2005.5721       2005.5616       2005.5511       2005.5406       2005.5301
       2005.5196       2005.5092       2005.4987       2005.4882       2005.4777
       2005.4672       2005.4567       2005.4462       2005.4357       2005.4253
       2005.4148       2005.4043       2005.3938       2005.3833       2005.3728
       2005.3624       2005.3519       2005.3414       2005.3309       2005.3205
       2005.3100       2005.2995       2005.2890       2005.2786       2005.2681
       2005.2576       2005.2471       2005.2367       2005.2262       2005.2157
       2005.2053       2005.1948       2005.1843       2005.1739       2005.1634
       2005.1530       2005.1425       2005.1320       2005.1216       2005.1111
       2005.1006       2005.0902       2005.0797       2005.0693       2005.0588
       2005.0484       2005.0379       2005.0275       2005.0170       2005.0066
       2004.9961       2004.9857       2004.9752       2004.9648       2004.9543
       2004.9439       2004.9334       2004.9230       2004.9125       2004.9021
       2004.8916       2004.8812       2004.8708       2004.8603       2004.8499
       2004.8394       2004.8290       2004.8186       2004.8081       2004.7977
       2004.7873       2004.7768       2004.7664       2004.7560       2004.7455
       2004.7351       2004.7247       2004.7142       2004.7038       2004.6934
       2004.6830       2004.6725       2004.6621       2004.6517       2004.6413
       2004.6308       2004.6204       2004.6100       2004.5996       2004.5892
       2004.5787       2004.5683       2004.5579       2004.5475       2004.5371
       2004.5267       2004.5162       2004.5058       2004.4954       2004.4850
       2004.4746       2004.4642       2004.4538       2004.4434       2004.4329
       2004.4225       2004.4121       2004.4017       2004.3913       2004.3809
       2004.3705       2004.3601       2004.3497       2004.3393       2004.3289
       2004.3185       2004.3081       2004.2977       2004.2873       2004.2769
       2004.2665       2004.2561       2004.2457       2004.2353       2004.2249
       2004.2145       2004.2041       2004.1937       2004.1833       2004.1730
       2004.1626       2004.1522       2004.1418       2004.1314       2004.1210
       2004.1106       2004.1002       2004.0898       2004.0795       2004.0691
       2004.0587       2004.0483       2004.0379       2004.0275       2004.0172
       2004.0068       2003.9964       2003.9860       2003.9756       2003.9652
       2003.9549       2003.9445       2003.9341       2003.9237       2003.9134
       2003.9030       2003.8926       2003.8822       2003.8719       2003.8615
       2003.8511       2003.8407       2003.8304       2003.8200       2003.8096
       2003.7992       2003.7889       2003.7785       2003.7681       2003.7578
       2003.7474       2003.7370       2003.7267       2003.7163       2003.7059
       2003.6956       2003.6852       2003.6748       2003.6645       2003.6541
       2003.6437       2003.6334       2003.6230       2003.6126       2003.6023
       2003.5919       2003.5815       2003.5712       2003.5608       2003.5505
       2003.5401       2003.5297       2003.5194       2003.5090       2003.4987
       2003.4883       2003.4779       2003.4676       2003.4572       2003.4469
       2003.4365       2003.4262       2003.4158       2003.4054       2003.3951
       2003.3847       2003.3744       2003.3640       2003.3537       2003.3433
       2003.3330       2003.3226       2003.3122       2003.3019       2003.2915
       2003.2812       2003.2708       2003.2605       2003.2501       2003.2398
       2003.2294       2003.2191       2003.2087       2003.1984       2003.1880
       2003.1777       2003.1673       2003.1569       2003.1466       2003.1362
       2003.1259       2003.1155       2003.1052       2003.0948       2003.0845
       2003.0741       2003.0638       2003.0534       2003.0431       2003.0327
       2003.0224       2003.0120       2003.0017       2002.9913       2002.9810
       2002.9706       2002.9603       2002.9499       2002.9396       2002.9292
       2002.9189       2002.9085       2002.8982       2002.8878       2002.8775
       2002.8671       2002.8568       2002.8464       2002.8361       2002.8257
       2002.8154       2002.8050       2002.7947       2002.7843       2002.7740
       2002.7636       2002.7533       2002.7429       2002.7325       2002.7222
       2002.7118       2002.7015       2002.6911       2002.6808       2002.6704
       2002.6601       2002.6497       2002.6394       2002.6290       2002.6187
       2002.6083       2002.5980       2002.5876       2002.5773       2002.5669
       2002.5566       2002.5462       2002.5359       2002.5255       2002.5152
       2002.5048       2002.4945       2002.4841       2002.4738       2002.4634
       2002.4531       2002.4427       2002.4324       2002.4221       2002.4117
       2002.4014       2002.3910       2002.3807       2002.3703       2002.3600
       2002.3496       2002.3393       2002.3290       2002.3186       2002.3083
       2002.2979       2002.2876       2002.2772       2002.2669       2002.2566
       2002.2462       2002.2359       2002.2255       2002.2152       2002.2049
       2002.1945       2002.1842       2002.1739       2002.1635       2002.1532
       2002.1428       2002.1325       2002.1222       2002.1118       2002.1015
       2002.0912       2002.0808       2002.0705       2002.0602       2002.0498
       2002.0395       2002.0292       2002.0188       2002.0085       2001.9982
       2001.9878       2001.9775       2001.9672       2001.9569       2001.9465
       2001.9362       2001.9259       2001.9156       2001.9052       2001.8949
       2001.8846       2001.8742       2001.8639       2001.8536       2001.8433
       2001.8330       2001.8226       2001.8123       2001.8020       2001.7917
       2001.7813       2001.7710       2001.7607       2001.7504       2001.7401
       2001.7297       2001.7194       2001.7091       2001.6988       2001.6885
       2001.6782       2001.6679       2001.6575       2001.6472       2001.6369
       2001.6266       2001.6163       2001.6060       2001.5957       2001.5853
       2001.5750       2001.5647       2001.5544       2001.5441       2001.5338
       2001.5235       2001.5132       2001.5029       2001.4926       2001.4823
       2001.4720       2001.4617       2001.4514       2001.4411       2001.4307
       2001.4204       2001.4101       2001.3998       2001.3895       2001.3792
       2001.3689       2001.3586       2001.3483       2001.3380       2001.3277
       2001.3175       2001.3072       2001.2969       2001.2866       2001.2763
       2001.2660       2001.2557       2001.2454       2001.2351       2001.2248
       2001.2145       2001.2042       2001.1939       2001.1836       2001.1734
       2001.1631       2001.1528       2001.1425       2001.1322       2001.1219
       2001.1116       2001.1013       2001.0911       2001.0808       2001.0705
       2001.0602       2001.0499       2001.0397       2001.0294       2001.0191
       2001.0088       2000.9985       2000.9883       2000.9780       2000.9677
       2000.9574       2000.9471       2000.9369       2000.9266       2000.9163
       2000.9060       2000.8958       2000.8855       2000.8752       2000.8650
       2000.8547       2000.8444       2000.8341       2000.8239       2000.8136
       2000.8033       2000.7931       2000.7828       2000.7725       2000.7623
       2000.7520       2000.7417       2000.7315       2000.7212       2000.7110
       2000.7007       2000.6904       2000.6802       2000.6699       2000.6596
       2000.6494       2000.6391       2000.6289       2000.6186       2000.6084
       2000.5981       2000.5878       2000.5776       2000.5673       2000.5571
       2000.5468       2000.5366       2000.5263       2000.5161       2000.5058
       2000.4956       2000.4853       2000.4751       2000.4648       2000.4546
       2000.4443       2000.4341       2000.4238       2000.4136       2000.4033
       2000.3931       2000.3828       2000.3726       2000.3624       2000.3521
       2000.3419       2000.3316       2000.3214       2000.3111       2000.3009
       2000.2907       2000.2804       2000.2702       2000.2599       2000.2497
       2000.2395       2000.2292       2000.2190       2000.2088       2000.1985
       2000.1883       2000.1781       2000.1678       2000.1576       2000.1474
       2000.1371       2000.1269       2000.1167       2000.1064       2000.0962
       2000.0860       2000.0758       2000.0655       2000.0553       2000.0451
       2000.0348       2000.0246       2000.0144       2000.0042       1999.9939
       1999.9837       1999.9735       1999.9633       1999.9531       1999.9428
       1999.9326       1999.9224       1999.9122       1999.9019       1999.8917
       1999.8815       1999.8713       1999.8611       1999.8509       1999.8406
       1999.8304       1999.8202       1999.8100       1999.7998       1999.7896
       1999.7793       1999.7691       1999.7589       1999.7487       1999.7385
       1999.7283       1999.7181       1999.7078       1999.6976       1999.6874
       1999.6772       1999.6670       1999.6568       1999.6466       1999.6364
       1999.6262       1999.6160       1999.6058       1999.5955       1999.5853
       1999.5751       1999.5649       1999.5547       1999.5445       1999.5343
       1999.5241       1999.5139       1999.5037       1999.4935       1999.4833
       1999.4731       1999.4629       1999.4527       1999.4425       1999.4323
       1999.4221       1999.4119       1999.4017       1999.3915       1999.3813
       1999.3711       1999.3609       1999.3507       1999.3405       1999.3303
       1999.3201       1999.3099       1999.2997       1999.2895       1999.2793
       1999.2691       1999.2589       1999.2487       1999.2385       1999.2283
       1999.2181       1999.2079       1999.1978       1999.1876       1999.1774
       1999.1672       1999.1570       1999.1468       1999.1366       1999.1264
       1999.1162       1999.1060       1999.0958       1999.0856       1999.0754
       1999.0653       1999.0551       1999.0449       1999.0347       1999.0245
       1999.0143       1999.0041       1998.9939       1998.9837       1998.9735
       1998.9634       1998.9532       1998.9430       1998.9328       1998.9226
       1998.9124       1998.9022       1998.8920       1998.8819       1998.8717
       1998.8615       1998.8513       1998.8411       1998.8309       1998.8207
       1998.8105       1998.8004       1998.7902       1998.7800       1998.7698
       1998.7596       1998.7494       1998.7392       1998.7290       1998.7189
       1998.7087       1998.6985       1998.6883       1998.6781       1998.6679
       1998.6577       1998.6476       1998.6374       1998.6272       1998.6170
       1998.6068       1998.5966       1998.5864       1998.5763       1998.5661
       1998.5559       1998.5457       1998.5355       1998.5253       1998.5151
       1998.5050       1998.4948       1998.4846       1998.4744       1998.4642
       1998.4540       1998.4438       1998.4337       1998.4235       1998.4133
       1998.4031       1998.3929       1998.3827       1998.3725       1998.3623
       1998.3522       1998.3420       1998.3318       1998.3216       1998.3114
       1998.3012       1998.2910       1998.2808       1998.2707       1998.2605
       1998.2503       1998.2401       1998.2299       1998.2197       1998.2095
       1998.1993       1998.1891       1998.1789       1998.1688       1998.1586
       1998.1484       1998.1382       1998.1280       1998.1178       1998.1076
       1998.0974       1998.0872       1998.0770       1998.0668       1998.0566
       1998.0464       1998.0362       1998.0260       1998.0159       1998.0057
       1997.9955       1997.9853       1997.9751       1997.9649       1997.9547
       1997.9445       1997.9343       1997.9241       1997.9139       1997.9037
       1997.8935       1997.8833       1997.8731       1997.8629       1997.8527
       1997.8425       1997.8323       1997.8221       1997.8119       1997.8017
       1997.7915       1997.7812       1997.7710       1997.7608       1997.7506
       1997.7404       1997.7302       1997.7200       1997.7098       1997.6996
       1997.6894       1997.6792       1997.6690       1997.6587       1997.6485
       1997.6383       1997.6281       1997.6179       1997.6077       1997.5975
       1997.5872       1997.5770       1997.5668       1997.5566       1997.5464
       1997.5362       1997.5259       1997.5157       1997.5055       1997.4953
       1997.4850
