  7.20327e-14  8.95153e-14  1.18426e-13  1.41954e-13  1.56946e-13  1.45824e-13
  1.33585e-13  1.57578e-13  1.32795e-13  1.37359e-13  1.68997e-13  1.84608e-13
  1.88530e-13  1.98668e-13  1.91297e-13  1.82771e-13  1.68016e-13  1.64398e-13
  1.72600e-13  1.89828e-13  1.56952e-13  1.22941e-13  8.20624e-14  5.85694e-14
  4.41476e-14  5.02878e-14  4.00504e-14  2.48498e-14  1.95966e-14  1.02185e-14
 -2.07210e-15  2.08533e-15 -4.54062e-15 -2.77770e-15  2.11734e-15  4.02582e-15
  1.67627e-14  1.99281e-14  6.70302e-15  1.81401e-14  1.10825e-14  2.41213e-14
  1.22305e-14 -6.98859e-15 -1.13847e-14  1.47872e-14  6.28638e-15 -1.23684e-14
 -6.82542e-15 -1.79974e-14  2.09157e-14  9.18930e-14  1.25909e-13  1.68371e-13
  8.25967e-14  1.12100e-13     -9999.00     -9999.00     -9999.00     -9999.00
     -9999.00     -9999.00     -9999.00     -9999.00     -9999.00     -9999.00
     -9999.00     -9999.00     -9999.00     -9999.00     -9999.00 -5.11149e-14
 -3.11806e-14     -9999.00 -9.24540e-15 -8.88401e-15  1.40870e-15 -1.37885e-14
  1.92990e-14 -2.43359e-14 -1.13232e-14 -6.03148e-15  6.78456e-15  8.52120e-15
  1.90405e-14  1.42735e-14  3.53358e-14  1.37088e-14  2.08393e-14  7.76474e-14
  1.81013e-13  2.88043e-13  3.77611e-13  3.96458e-13  3.90430e-13  3.67869e-13
  3.56349e-13  3.60106e-13  3.60742e-13  3.37240e-13  2.71073e-13  1.78479e-13
  8.64787e-14  3.95676e-14  1.90111e-14  2.34718e-14  2.55353e-14  1.18679e-14
  1.84489e-14  1.39593e-14  1.35731e-14  1.74218e-14  1.98097e-14  1.01901e-14
  4.44567e-15  1.40827e-14  1.09366e-14  5.34779e-15  1.20975e-14  1.16276e-14
  1.11260e-14  3.08669e-15  1.24263e-14  4.76199e-15  2.14469e-15  6.66261e-16
  1.52042e-14  8.48472e-16  3.37458e-15  9.89896e-15  5.65410e-15  9.55832e-15
  8.29017e-15 -8.42991e-15  8.81553e-16  1.43110e-14  1.36492e-14  5.82898e-15
  4.56119e-15  1.51953e-14  3.95036e-15  1.50851e-14  4.08547e-14  8.83656e-14
  1.89822e-13  2.63976e-13  3.26141e-13  3.26529e-13  3.22241e-13  3.26050e-13
  3.14542e-13  3.39624e-13  3.15821e-13  2.76759e-13  1.90399e-13  1.30016e-13
  9.26657e-14  6.87237e-14  5.31811e-14  6.93510e-14  9.61890e-14  2.30235e-13
  4.48055e-13  7.48051e-13  9.42029e-13  9.82654e-13  9.40241e-13  8.63907e-13
  7.92678e-13  7.65389e-13  7.15858e-13  6.16958e-13  4.38232e-13  2.35356e-13
  9.52442e-14  2.35421e-14 -8.35794e-15 -3.70710e-14 -2.67373e-14     -9999.00
 -4.87282e-14     -9999.00     -9999.00     -9999.00     -9999.00     -9999.00
     -9999.00     -9999.00     -9999.00     -9999.00     -9999.00     -9999.00
     -9999.00     -9999.00     -9999.00 -8.43698e-15 -2.51911e-14  7.58171e-17
 -1.74159e-14  3.16883e-14  1.91249e-14  2.35641e-14  4.03090e-14  3.25341e-14
  3.83808e-14  4.86499e-14  5.44490e-14  4.25702e-14  1.58036e-14  2.98530e-14
  2.34411e-14  2.34057e-14  2.21626e-14  2.69346e-14  4.84532e-15  2.08561e-14
  4.80402e-15  8.10599e-15  3.97968e-15  1.00315e-14  1.39529e-15 -2.28274e-15
  1.43434e-14  1.17120e-14  3.69179e-15  1.72595e-14  4.09795e-14  5.08815e-14
  3.61578e-14  3.87087e-14  3.48977e-14  3.11478e-14  2.52410e-14  2.84722e-14
  1.79687e-14  2.77051e-14  1.19913e-14  7.33387e-15 -7.71260e-15 -1.13940e-15
 -1.89412e-14 -2.91860e-15 -2.50876e-16  1.89332e-14  3.59033e-14  5.92214e-14
  1.12373e-13  1.66216e-13  1.91246e-13  1.81668e-13  1.72326e-13  1.60441e-13
  1.55339e-13  1.61391e-13  1.55560e-13  1.29161e-13  7.27594e-14  4.37050e-14
  4.69658e-14  2.29803e-14  1.93046e-14  2.70034e-14  1.54876e-14  1.91528e-14
  1.80339e-14  3.05511e-14  5.04656e-14  8.07007e-14  1.13883e-13  1.20619e-13
  1.23939e-13  1.11670e-13  1.02814e-13  1.05215e-13  1.08689e-13  1.04224e-13
  7.98866e-14  6.37853e-14  2.46618e-14  2.31135e-15 -1.38545e-15  9.65220e-15
  4.21107e-15  6.27923e-15 -3.51745e-15 -4.36833e-15 -4.86919e-15 -1.79781e-14
 -1.52308e-14 -4.90522e-15 -1.37740e-15 -1.07424e-14 -1.07747e-14 -7.98690e-15
 -1.08383e-14 -9.70852e-15 -3.79506e-15  8.74972e-15 -9.67777e-15 -1.97743e-14
 -2.66304e-14 -2.67979e-14 -2.02741e-14 -2.76375e-14 -1.97695e-14     -9999.00
     -9999.00     -9999.00     -9999.00     -9999.00     -9999.00     -9999.00
     -9999.00     -9999.00     -9999.00     -9999.00     -9999.00     -9999.00
     -9999.00 -2.98424e-14 -2.04350e-14     -9999.00  9.66418e-15  6.95336e-15
  2.34886e-14  8.30848e-14  1.27301e-13  1.51124e-13  1.84720e-13  1.77978e-13
  1.77769e-13  1.68311e-13  1.68948e-13  1.58805e-13  1.47895e-13  1.21594e-13
  7.39102e-14  3.06235e-14  1.58619e-14  2.02639e-14  1.89239e-14  3.03254e-14
  5.09579e-14  8.30544e-14  1.19673e-13  1.12675e-13  1.07916e-13  1.06491e-13
  9.69433e-14  1.01926e-13  1.07546e-13  9.64211e-14  6.57324e-14  4.62046e-14
  1.34134e-14 -4.54903e-15  3.72934e-15  5.70631e-15  1.40966e-14  5.64837e-15
  1.02026e-14  4.44996e-14  3.97611e-14  7.04112e-14  1.01335e-13  1.19737e-13
  1.17381e-13  9.57860e-14  9.15933e-14  8.89226e-14  7.99298e-14  8.30176e-14
  7.56522e-14  3.70837e-14  3.82715e-14  1.18192e-14  6.88559e-15  5.44077e-15
  1.43280e-14  9.46981e-15  6.54280e-15  1.54152e-14  2.66769e-14  5.59598e-15
 -3.28624e-15  1.52907e-14  1.22720e-14 -4.72784e-16  8.21310e-15  2.58994e-14
  1.65791e-14  2.21018e-14  1.41578e-14  2.29111e-14  2.44864e-14  5.02807e-15
  2.67422e-14  1.99227e-14  2.80952e-15  1.06274e-14  2.95047e-14  2.72459e-14
  3.69537e-14  4.22802e-14  5.08892e-14  4.50334e-14  5.70756e-14  4.68621e-14
  5.37540e-14  4.88741e-14  5.13455e-14  3.27242e-14  3.30259e-14  2.61269e-14
  2.73825e-14  2.75797e-14  7.54166e-15  3.74333e-14  5.09316e-14  7.72115e-14
  7.70906e-14  7.20799e-14  8.40125e-14  7.25001e-14  9.17804e-14  1.10096e-13
  1.08735e-13  1.10908e-13  1.01820e-13  7.42593e-14  5.13745e-14  3.72373e-14
 -7.06655e-15 -2.31814e-15     -9999.00     -9999.00     -9999.00     -9999.00
     -9999.00     -9999.00     -9999.00     -9999.00     -9999.00     -9999.00
 -3.47913e-14  2.93409e-14  5.61540e-14  1.62147e-13  2.86384e-13  3.79994e-13
  4.22232e-13  4.02012e-13  4.04109e-13  3.70479e-13  3.82869e-13  3.74616e-13
  3.50452e-13  2.97191e-13  2.05672e-13  1.02424e-13  6.39220e-14  4.81592e-14
  3.41871e-14  2.29096e-14  3.26702e-14  1.29908e-14  2.35072e-14  2.80598e-14
  1.45959e-14  1.92280e-14  2.89679e-17  7.44170e-15 -2.31215e-15  8.25298e-15
  5.67734e-15 -1.46449e-16  1.26278e-14  7.99996e-15  1.67041e-14  1.45472e-14
  4.01375e-14  7.44921e-14  1.44732e-13  2.53125e-13  3.15216e-13  3.37335e-13
  3.33559e-13  3.02119e-13  3.03034e-13  3.14710e-13  3.01840e-13  2.77069e-13
  2.10483e-13  1.33215e-13  7.47054e-14  4.19358e-14  1.58027e-14  2.78535e-14
  3.03215e-14  3.06562e-14  1.54245e-14  2.58143e-14  1.32401e-14  7.94023e-15
  1.49653e-14  1.96731e-15  9.64916e-15  3.49410e-14  1.90662e-14  2.99921e-14
  2.64548e-14  3.60439e-14  2.66136e-14  3.44846e-14  5.76081e-14  4.97929e-14
     -9999.00     -9999.00     -9999.00     -9999.00     -9999.00     -9999.00
     -9999.00     -9999.00     -9999.00     -9999.00     -9999.00  9.46700e-14
  9.60857e-14  9.52821e-14  7.54924e-14  5.51373e-14  4.41073e-14  7.02023e-14
  6.47110e-14  7.39506e-14  1.03400e-13  1.99384e-13  3.61544e-13  6.15961e-13
  9.15381e-13  1.06320e-12  1.05100e-12  1.00257e-12  9.03021e-13  8.76134e-13
  8.26570e-13  7.49605e-13  6.22040e-13  4.44098e-13  2.39866e-13  1.42137e-13
  5.36875e-14  2.58000e-14  1.20978e-14  1.07333e-14  4.99392e-15 -3.03850e-14
 -1.55543e-14 -2.60814e-14     -9999.00     -9999.00     -9999.00     -9999.00
     -9999.00     -9999.00     -9999.00     -9999.00     -9999.00     -9999.00
     -9999.00 -2.37511e-14 -2.23120e-14 -5.95585e-15 -8.89215e-15  5.44131e-16
  3.70681e-15  8.05163e-15  1.28596e-14  4.70565e-14  6.98150e-14  1.22127e-13
  1.63612e-13  1.80212e-13  1.74296e-13  1.51027e-13  1.56932e-13  1.55028e-13
  1.50916e-13  1.46496e-13  1.02831e-13  5.60161e-14  2.25080e-14  1.17699e-14
  7.98047e-15  9.59265e-15  9.29511e-15 -2.84001e-15  3.86596e-16 -2.92799e-15
  2.63143e-15  1.92672e-15  9.80616e-16 -2.04527e-15 -6.61451e-15  2.60353e-16
  5.19454e-15 -6.69569e-16  9.25183e-16  5.40626e-15  1.95444e-14  3.82397e-14
  3.52825e-14  3.93044e-14  4.80652e-14  3.86249e-14  4.10986e-14  5.00854e-14
  5.58794e-14  5.56476e-14  4.80008e-14  3.46881e-14  1.95619e-14  2.34758e-14
  8.63993e-15  4.03100e-15  2.53469e-15  1.87755e-16  4.52149e-15  1.05894e-15
  1.00755e-14  1.04624e-15  3.22723e-15  1.14968e-14  3.97664e-15 -7.58296e-15
  3.02160e-15  4.11308e-15  7.81739e-15  1.73478e-14  5.08279e-14  7.48401e-14
  7.96832e-14  8.08668e-14  9.93894e-14  1.18363e-13  1.57288e-13  2.14030e-13
  2.55503e-13  2.53880e-13  2.39947e-13  2.09925e-13  1.79435e-13  1.87945e-13
  1.68505e-13  1.59567e-13  1.24897e-13  6.67266e-14  2.65868e-14  1.21409e-14
  7.98762e-15  7.55990e-15  9.26471e-15 -4.61492e-15  9.82475e-15 -3.03590e-15
  1.88066e-14  1.93493e-14  1.65067e-14  4.05897e-14  7.00496e-14  6.31837e-14
  7.20205e-14  6.41799e-14  6.89979e-14  8.06506e-14  8.56365e-14  8.81052e-14
  7.36842e-14  4.12123e-14  4.82022e-14  5.69615e-14  6.87171e-14  9.54359e-14
  7.92646e-14  6.87286e-14  2.26700e-15 -1.04442e-14     -9999.00     -9999.00
     -9999.00     -9999.00     -9999.00     -9999.00     -9999.00     -9999.00
  2.12463e-14  3.77634e-14  1.83921e-14  9.32046e-14  7.76128e-14  6.26113e-14
  5.41491e-14  6.48136e-14  6.29255e-14  5.59845e-14  7.23279e-14  7.10773e-14
  3.66789e-14  4.96577e-14  6.62169e-14  6.12257e-14  3.49930e-14  6.49331e-14
  3.85868e-14  6.39864e-14  4.42325e-14  4.68607e-14  4.33756e-14     -9999.00
     -9999.00     -9999.00     -9999.00     -9999.00     -9999.00     -9999.00
     -9999.00     -9999.00     -9999.00     -9999.00     -9999.00     -9999.00
     -9999.00     -9999.00     -9999.00     -9999.00     -9999.00     -9999.00
     -9999.00     -9999.00     -9999.00     -9999.00     -9999.00     -9999.00
     -9999.00     -9999.00     -9999.00     -9999.00     -9999.00     -9999.00
  3.05550e-14  1.00754e-13  5.89485e-14  6.56245e-14  6.61304e-14  4.86799e-14
  4.98272e-14  6.04785e-14  5.77104e-14  6.37429e-14  7.62391e-14  6.38169e-14
  5.05770e-14  1.55765e-14  4.58586e-15  1.60777e-14  3.00965e-14  2.83906e-14
  2.44807e-14  3.05348e-14  2.66150e-14  1.14545e-14  9.69225e-15  1.06194e-14
  2.25281e-14  6.96480e-15 -2.21729e-15  1.50104e-14  1.63722e-14  1.65478e-14
  7.53307e-15 -6.35147e-16  3.47561e-15  1.41585e-14  1.17127e-14  1.72775e-14
  4.43566e-15  7.92986e-15 -5.61565e-15  6.82104e-15  4.54885e-15  7.83831e-15
  5.83470e-15  8.09312e-16  5.72562e-15  4.02778e-15  9.78899e-15 -1.80781e-16
 -5.39812e-15  8.82983e-16 -8.82268e-16  7.99835e-15  2.08279e-14  9.69887e-15
 -1.20481e-14  1.11083e-14  3.94875e-15 -5.61172e-15 -2.18151e-14 -8.20747e-15
  2.56873e-14  6.41770e-14  1.47826e-13  2.74570e-13  3.47542e-13  3.64296e-13
     -9999.00     -9999.00     -9999.00     -9999.00     -9999.00  2.13032e-13
  1.96303e-13  1.59322e-13  8.02801e-14  7.53808e-14  9.79275e-14  1.48106e-13
  2.14792e-13  3.06529e-13  3.49186e-13  3.26541e-13  3.25805e-13  3.07160e-13
  2.99310e-13  2.93163e-13  2.69040e-13  2.17921e-13  1.46767e-13  9.37582e-14
  2.66597e-14  9.68939e-15  1.05815e-14 -2.60550e-15 -2.96795e-15  1.44982e-15
  1.39949e-14  6.51437e-15  4.59552e-15 -1.51436e-14 -7.59181e-15 -7.86459e-15
  3.18307e-15 -6.25849e-19 -5.63300e-15 -2.68221e-17  9.94635e-15  1.16565e-14
 -3.52389e-15  1.06602e-14 -2.72924e-15 -3.03197e-15  1.80956e-14  6.75327e-15
  2.93398e-15 -4.85373e-15  1.38767e-14  1.06752e-16 -1.10722e-15 -8.27533e-15
  1.23096e-14  7.53343e-15  7.33334e-15  5.86689e-16  1.01915e-14  7.43365e-15
  2.64716e-15  7.91860e-15 -1.37123e-15  1.66976e-15  5.24729e-15  5.17774e-15
  1.43051e-16  1.88207e-14  3.74333e-14  2.08211e-14  2.92060e-14  1.41420e-14
  3.49900e-14  2.50204e-14  3.82912e-14  1.90709e-14  3.00452e-14  2.55747e-14
  3.28531e-14  6.81821e-14  4.55877e-14  4.14333e-14  4.65971e-14  4.96534e-14
  5.97214e-14  4.81321e-14  3.69236e-14  3.57260e-14  3.68038e-14  2.32830e-14
  4.62075e-14  4.92033e-14  4.64907e-14  5.65063e-14  3.63307e-14  5.46781e-14
  6.31326e-14  7.23506e-14  6.46369e-14  7.58564e-14  2.48850e-14  6.15168e-14
  1.13679e-13  1.50549e-13  1.41430e-13  1.73967e-13     -9999.00     -9999.00
     -9999.00     -9999.00     -9999.00     -9999.00     -9999.00     -9999.00
     -9999.00     -9999.00     -9999.00     -9999.00     -9999.00     -9999.00
     -9999.00     -9999.00     -9999.00     -9999.00     -9999.00     -9999.00
     -9999.00     -9999.00     -9999.00     -9999.00     -9999.00     -9999.00
     -9999.00     -9999.00     -9999.00     -9999.00     -9999.00     -9999.00
     -9999.00     -9999.00     -9999.00     -9999.00     -9999.00     -9999.00
     -9999.00     -9999.00     -9999.00     -9999.00     -9999.00     -9999.00
     -9999.00     -9999.00     -9999.00     -9999.00     -9999.00     -9999.00
     -9999.00     -9999.00     -9999.00     -9999.00     -9999.00     -9999.00
     -9999.00     -9999.00     -9999.00     -9999.00     -9999.00     -9999.00
  2.01036e-13  1.27427e-13  1.10836e-13  1.14833e-13  5.90798e-14  6.48437e-14
  8.13643e-14  8.82922e-14  6.33048e-14  6.21926e-14  7.82497e-14  6.53005e-14
  6.59916e-14  4.76196e-14  4.84872e-14  5.88241e-14  6.14845e-14  4.77237e-14
  4.70375e-14  5.48514e-14  4.03199e-14  9.08704e-14  1.39270e-13  1.05414e-13
  1.37160e-13  1.25663e-13  1.17816e-13  1.28868e-13  1.04006e-13  1.06002e-13
  8.89830e-14  8.69964e-14  4.72552e-14  3.50275e-14  2.77217e-14  1.22334e-14
  1.64761e-14  6.61290e-15  1.94914e-14  2.35628e-14  2.47087e-13  3.45875e-13
  5.32369e-13  7.47013e-13  8.97073e-13  9.00124e-13  8.35642e-13  7.62085e-13
  6.97145e-13  6.43947e-13  6.22832e-13  5.71452e-13  4.84812e-13  3.42706e-13
  1.37425e-13  4.34260e-14  1.07569e-14  3.28052e-15  4.33427e-15  5.27573e-15
  1.41660e-14  4.10146e-14  5.89660e-14  7.94985e-14  8.28849e-14  7.99363e-14
  7.72970e-14  7.43269e-14  7.30026e-14  7.72262e-14  8.23896e-14  6.61073e-14
  4.55398e-14  1.26550e-14  8.74311e-15  1.66934e-14 -2.95401e-15  4.36503e-15
  1.45773e-14  5.59258e-15 -1.24276e-15  4.13418e-16  7.09391e-15  1.23568e-14
  7.32189e-15 -2.74873e-15  4.04549e-15 -4.80384e-16  5.01430e-15  2.78896e-15
  7.32028e-15 -2.56956e-16  2.00468e-15 -2.24108e-15  3.58218e-15  6.39278e-15
  7.99763e-15  1.54055e-14  4.82798e-15  4.86338e-15  1.41188e-14 -7.31403e-15
 -4.62949e-15 -9.03368e-16  8.39853e-15  2.51448e-15  7.97528e-15  2.99524e-14
  5.59502e-14  6.70524e-14  1.04010e-13  1.07424e-13  1.14380e-13  1.05375e-13
  9.26793e-14  1.02564e-13  9.60113e-14  9.92907e-14  9.12062e-14  6.30548e-14
  4.15893e-14  4.42500e-14  2.05697e-14  1.28544e-14  1.85162e-14  1.74671e-14
  2.70204e-14  1.59316e-14  2.82458e-14  2.20578e-14  2.29635e-14  5.62674e-15
  1.53905e-15 -2.57242e-15  1.95050e-15 -1.38956e-15 -5.41359e-15 -1.17588e-15
  5.20009e-15  1.90991e-15  5.85061e-15  2.74801e-15 -4.60875e-15  7.00128e-15
  4.98730e-15 -1.19278e-14 -6.60700e-15  9.22716e-15 -3.12245e-15  4.57156e-15
  3.73578e-15  1.02907e-15  6.88076e-15  1.30963e-15  2.26521e-15  1.38867e-14
  8.63814e-15  1.56133e-14  2.52596e-14  3.77147e-14  6.27086e-14  6.76839e-14
  6.90175e-14  6.35483e-14  6.63010e-14  5.40565e-14  6.29321e-14  6.52953e-14
  6.15386e-14  5.53576e-14  2.73542e-14  1.37299e-14 -1.05840e-15 -1.69052e-14
 -6.26332e-15 -4.44514e-15 -1.27985e-14 -1.95457e-14 -6.39322e-15 -8.28695e-15
 -3.27187e-14 -3.26647e-14 -3.59823e-14 -3.01777e-14 -1.36269e-14 -7.91752e-15
 -6.40297e-15 -2.20469e-15 -1.66753e-15 -4.93526e-15  3.88813e-15 -4.90057e-15
  1.68514e-14  5.43880e-15 -1.74787e-14 -5.71132e-16 -3.28231e-15 -7.58582e-15
 -3.13300e-15  5.41502e-15 -7.59852e-15 -4.79829e-15  5.30237e-15  1.26809e-14
  2.63400e-14  3.33728e-14  4.57646e-14  4.65730e-14  5.95529e-14  4.53354e-14
  5.27197e-14  5.14126e-14  5.45887e-14  4.08071e-14  4.75105e-14  4.71724e-14
  3.24190e-14  1.21708e-14  1.99435e-14  2.04341e-14  1.99381e-14  2.37390e-14
  3.31771e-14  4.05441e-14  4.35083e-14  5.19948e-14  4.75899e-14  4.12066e-14
  3.65691e-14  4.02696e-14  4.37781e-14  3.19757e-14  4.00343e-14  2.40598e-14
 -2.74104e-15 -5.92500e-16  2.39289e-15  5.97507e-15 -1.15281e-15  4.08018e-15
 -5.75513e-16  1.45279e-14  1.61651e-14  1.41794e-14  1.03835e-14  1.83268e-14
  1.38749e-14  7.57885e-15  1.02872e-14  3.94446e-15  1.63221e-14  2.58261e-15
  1.98653e-14  2.41476e-14  3.92236e-14  3.62674e-14  5.80591e-14  5.88183e-14
  6.10843e-14  5.36646e-14  6.15633e-14  5.74307e-14  6.34121e-14  6.15317e-14
  6.07574e-14  8.49659e-14  1.60873e-13  2.22759e-13  2.84913e-13  2.92642e-13
  2.92339e-13  2.76572e-13  2.84043e-13  2.70512e-13  2.85649e-13  2.73606e-13
  2.36118e-13  1.70728e-13  1.14383e-13  6.61165e-14  5.01557e-14  3.95751e-14
  4.19079e-14  5.46216e-14  2.88064e-14  3.09016e-14  3.91055e-14  2.23643e-14
  5.46033e-14  9.95504e-14  2.06572e-13  2.79955e-13  3.08738e-13  3.11549e-13
  2.90042e-13  2.65258e-13     -9999.00     -9999.00     -9999.00     -9999.00
     -9999.00     -9999.00     -9999.00     -9999.00  7.30873e-14  6.70145e-14
  5.06841e-14  3.99769e-14  3.12309e-14 -3.73721e-17 -2.27716e-14 -1.01870e-15
 -2.35975e-14 -3.64637e-15 -1.41680e-14  1.68815e-14  3.61962e-14  3.93856e-14
  2.77258e-14  4.04660e-14  2.78764e-14  3.00572e-14  1.34028e-14  2.06527e-14
  2.25368e-14  1.41626e-14  5.63818e-15 -5.35369e-16  2.72155e-15  3.11726e-15
  6.80709e-15  6.75201e-15  1.27455e-14  1.04769e-14  1.57796e-14  7.90000e-15
  1.87708e-14  4.16654e-15  7.25538e-15  1.42061e-14  1.26010e-15  2.43187e-16
  9.90057e-15 -1.18178e-15  7.41309e-15 -1.96767e-15  1.42819e-14  1.21547e-14
  1.07800e-14  1.53841e-14  1.96277e-14  5.22931e-14  9.36005e-14  1.29795e-13
  1.51449e-13  1.42129e-13  1.33971e-13  1.13831e-13  1.25247e-13  1.37497e-13
  1.42400e-13  1.24338e-13  1.07796e-13  6.70044e-14  4.60163e-14  3.12173e-14
  3.07916e-14  2.84783e-14  3.35773e-14  1.88788e-14  8.90029e-15  1.99066e-14
  1.47370e-14  2.31289e-14  5.70869e-14  1.00802e-13  1.74341e-13  2.19974e-13
  2.37857e-13  2.25588e-13  2.07329e-13  2.17064e-13  2.30655e-13  2.28248e-13
  2.26708e-13  1.90031e-13  1.40232e-13  7.79121e-14  4.86009e-14  3.28739e-14
  2.74587e-14  2.60105e-14  1.20585e-14  1.38491e-14  1.70640e-14  6.27172e-15
  1.42803e-14  1.66073e-14  4.53456e-14  6.16007e-14  8.83387e-14  1.05265e-13
  1.29699e-13  1.45267e-13  1.72614e-13  1.87652e-13  2.01336e-13  2.05392e-13
  1.88929e-13  1.73478e-13  1.51642e-13  1.22506e-13  1.16242e-13  7.72489e-14
  6.00507e-14  2.23464e-14  1.22218e-14  1.46821e-14  6.62220e-15  1.16816e-14
  4.18246e-15  2.56974e-15 -9.65452e-15  6.21039e-15  2.76167e-14  3.79211e-14
  5.92783e-14  7.61300e-14  7.51358e-14  7.43235e-14  8.02860e-14  7.47635e-14
  6.88641e-14  7.10683e-14  5.82819e-14  5.42091e-14  4.32717e-14  1.79223e-14
  6.81460e-15  1.31688e-14  5.04148e-15  4.59176e-14  1.29098e-13  2.99552e-13
  5.21173e-13  6.99130e-13  7.87691e-13  7.90988e-13  7.24761e-13  6.76107e-13
  6.12862e-13  5.95527e-13  5.77348e-13  4.90209e-13  3.79817e-13  3.47933e-14
  1.19044e-13  6.92364e-14  5.72435e-14  7.79239e-14  4.91881e-14  5.22079e-14
  4.28748e-14  4.03419e-14  5.77122e-14  5.56557e-14  3.94914e-14  3.97323e-14
  2.99731e-14  1.31392e-14  9.97102e-15  1.70481e-14  8.00693e-15  1.25402e-14
  2.31006e-14  2.25690e-14  3.67287e-14  4.09325e-14  4.17643e-14  2.31657e-14
  4.15299e-14  3.71432e-14  3.49170e-14  3.59223e-14  2.92312e-14  2.53869e-14
  2.78773e-14  1.10518e-14  7.97135e-15  1.08987e-14  2.10468e-14  6.95246e-15
  1.02113e-14  1.41842e-14  1.02602e-14  9.71210e-15  9.38094e-15  2.12435e-14
  1.47125e-14  1.52889e-14  1.98451e-14  1.80459e-15  8.92568e-15  1.72606e-14
  1.32741e-14  1.55672e-14  2.77627e-15  7.13950e-15  2.01657e-14  1.44680e-14
  1.98911e-14  1.63427e-14  1.59345e-14  9.97102e-15  1.07741e-14  7.28273e-15
  1.11594e-14 -1.68085e-17  1.92443e-14  9.82797e-15  2.04660e-14  6.04016e-15
  5.69898e-15  4.91935e-15  1.47132e-14  1.89153e-14  2.68015e-14  3.77884e-14
  1.34373e-14  2.04442e-14  3.52566e-14  2.12799e-14  2.22319e-14  3.20933e-14
  2.89346e-14  3.20511e-14  3.91889e-14  3.00016e-14  2.48559e-14  4.08804e-14
  3.96777e-14  2.09928e-14  3.72738e-14  2.30377e-14  2.82463e-14  2.33299e-14
  3.01223e-14  2.37887e-14  3.68788e-14  1.25220e-14  2.06214e-14  1.20134e-14
  8.23152e-15  1.47622e-14  1.59436e-14  2.30958e-14  1.30209e-14  2.25500e-14
  2.13588e-14  2.96853e-14  3.09380e-14  2.54627e-14  2.49009e-14  2.44022e-14
  2.22044e-14  1.66925e-14  2.02745e-14  1.65321e-14  7.40719e-15  1.73128e-15
  1.65816e-14  1.65371e-14  3.30348e-14  3.65117e-14  6.57928e-14  8.49577e-14
  9.43195e-14  8.51272e-14  9.26047e-14  8.70060e-14  9.54906e-14  7.38180e-14
  9.47739e-14  8.07509e-14  6.51857e-14  5.02657e-14  1.81491e-14  3.11274e-14
  1.50976e-14  1.56582e-14  1.78728e-14  2.84168e-14  1.98954e-14  2.25390e-14
  1.22944e-14  1.37438e-14  2.67810e-14  2.40859e-14  1.67330e-14  2.43473e-14
  1.90072e-14  2.62299e-14  3.29733e-14  3.57524e-14  4.82535e-14  5.38448e-14
  5.41717e-14  6.18469e-14  5.16039e-14  5.38509e-14  5.37096e-14  4.71935e-14
  5.37111e-14  5.24908e-14  5.31229e-14  3.86828e-14  4.26421e-14  3.73431e-14
  3.12002e-14  2.34014e-14  3.50472e-14  5.34521e-14  8.79725e-14  9.07874e-14
  1.06638e-13  1.01738e-13  1.01596e-13  8.08262e-14  1.07259e-13  8.50303e-14
  1.12865e-13  9.12867e-14  8.47412e-14  8.69046e-14  1.57750e-13  2.29675e-13
  2.74062e-13  3.02486e-13  2.96235e-13  2.72294e-13  2.69244e-13  2.68007e-13
  2.65127e-13  2.51322e-13  2.10051e-13  1.45601e-13  8.16729e-14  3.72121e-14
  1.90444e-14 -6.60539e-16  4.92132e-15  2.01967e-14  3.16774e-14  1.58265e-14
  9.66257e-15  1.39588e-14  1.61201e-14  7.35748e-15  1.16533e-14  1.09498e-14
  1.03744e-14  6.60217e-15  1.51057e-14  6.88934e-15 -3.15607e-15  5.91767e-15
  7.15774e-15 -4.50522e-16  1.29472e-14 -1.29408e-15  1.22232e-14  5.72133e-15
  3.21711e-14  3.72173e-14  4.62332e-14  4.11841e-14  6.96082e-14  1.10413e-13
  1.96841e-13  2.89326e-13  3.45248e-13  3.58412e-13  3.31095e-13  3.09573e-13
  3.12494e-13  3.02680e-13  3.09981e-13  2.86726e-13  2.40832e-13  1.57161e-13
  8.70255e-14  3.83114e-14  2.68078e-14  4.01151e-15  7.40147e-15  1.52972e-14
  2.33114e-14  4.48719e-14  8.43649e-14  1.16888e-13  1.24387e-13  1.13548e-13
  1.29583e-13  1.53129e-13  1.79934e-13  2.03863e-13  2.00259e-13  1.78383e-13
  1.44231e-13  1.11381e-13  9.98300e-14  8.36631e-14  7.38927e-14  6.69544e-14
  7.44726e-14  9.66516e-14  1.21527e-13  1.28597e-13  1.40732e-13  1.27042e-13
  1.26371e-13  1.45627e-13  1.51818e-13  1.93425e-13  2.39930e-13  2.69773e-13
  2.85234e-13  2.69748e-13  2.37083e-13  2.36219e-13  2.28725e-13  2.22166e-13
  2.21837e-13  1.95538e-13  1.70897e-13  1.10160e-13  6.87529e-14  2.47661e-14
  2.60464e-14  1.48641e-14  1.30992e-14  3.81053e-15  1.72235e-14  2.35620e-14
  4.84089e-14  8.27181e-14  9.52728e-14  9.34866e-14  8.69408e-14  6.76771e-14
  7.38530e-14  8.09230e-14  1.11450e-13  9.94465e-14  9.38072e-14  7.18163e-14
  5.49817e-14  4.51913e-14  4.66311e-14  4.05346e-14  3.75332e-14  2.05743e-14
  3.01879e-14  3.20486e-14  1.99576e-14  9.91523e-15  4.45604e-16  5.01287e-15
  5.74726e-15  2.81721e-15  5.60457e-15  3.29447e-15 -4.20812e-15  5.41753e-15
  5.76603e-15  1.34504e-15 -4.48492e-15  5.37837e-15 -7.60138e-16 -6.41584e-16
 -3.02464e-15 -8.98898e-15 -6.83427e-16 -8.18610e-16 -8.46058e-16  1.45519e-15
  6.54441e-15  1.90419e-15  7.70295e-15  1.18375e-16 -2.38359e-15  5.97686e-15
  2.07227e-15  1.75416e-15  4.59212e-15 -7.87497e-15 -4.22841e-15  6.05893e-15
  1.64770e-14  1.01463e-14 -1.75465e-14 -2.74336e-14  4.86910e-15  2.72030e-15
  1.53637e-14  1.43164e-14  1.58916e-14  2.79733e-14  3.52142e-14  2.87363e-14
  2.96484e-14  1.81711e-14  2.07192e-14  2.76028e-14  2.63600e-14  2.41656e-14
  1.37837e-14  1.76986e-14  2.04939e-14  1.43384e-14  6.01137e-15  6.54566e-15
  6.10113e-16  1.08765e-14 -2.00683e-15  2.02024e-15  2.07467e-14 -1.62238e-14
  4.13203e-15 -8.60435e-15 -1.98537e-15 -2.00397e-15 -5.22476e-15 -2.15828e-16
 -6.18696e-15  2.67988e-15  3.21651e-15  2.41971e-15  1.06528e-14  3.27158e-15
  7.64501e-15  6.32358e-15 -2.97511e-15  1.27691e-15  6.54638e-16  9.28080e-15
  8.23402e-15 -1.49560e-15 -7.73156e-15 -6.80244e-15  9.41813e-15  1.79329e-14
  8.39515e-14  2.20288e-13  4.18091e-13  5.99081e-13  7.32940e-13  7.35643e-13
  6.96035e-13  6.42790e-13  6.33962e-13  5.90784e-13  5.93679e-13  5.18788e-13
  4.49676e-13  3.00344e-13  1.66653e-13  6.52903e-14  4.25069e-14  1.01184e-14
  9.07052e-15  1.30629e-14 -1.30337e-15  2.06137e-15 -2.88767e-15 -1.25170e-17
 -3.74034e-15 -3.16501e-17  1.02954e-14  1.53118e-14  1.49785e-14  2.50171e-14
  3.30666e-14  7.13593e-15  2.30455e-14  2.22892e-14  3.72351e-14  1.87690e-14
  1.52925e-14  7.74246e-15  1.96695e-15  6.22970e-15 -6.10945e-15 -1.27106e-14
 -1.18750e-14  1.43090e-14  5.63443e-16  6.56927e-15  2.15508e-14  7.84689e-15
  2.58204e-14     -9999.00     -9999.00     -9999.00     -9999.00     -9999.00
     -9999.00     -9999.00     -9999.00     -9999.00     -9999.00     -9999.00
     -9999.00     -9999.00     -9999.00     -9999.00     -9999.00     -9999.00
     -9999.00     -9999.00     -9999.00     -9999.00     -9999.00     -9999.00
     -9999.00     -9999.00     -9999.00     -9999.00     -9999.00     -9999.00
     -9999.00     -9999.00     -9999.00     -9999.00     -9999.00     -9999.00
     -9999.00     -9999.00     -9999.00     -9999.00     -9999.00     -9999.00
     -9999.00     -9999.00     -9999.00     -9999.00     -9999.00     -9999.00
     -9999.00     -9999.00     -9999.00     -9999.00     -9999.00     -9999.00
     -9999.00     -9999.00     -9999.00     -9999.00     -9999.00     -9999.00
     -9999.00     -9999.00     -9999.00     -9999.00  1.94771e-14  1.57297e-14
  2.30564e-14  6.94513e-16  9.96673e-15  9.90128e-15  1.19845e-14 -1.60789e-15
  3.33524e-15 -1.10934e-14  2.86295e-14  3.10889e-14  5.28123e-14  6.68317e-14
  7.19733e-14  8.60027e-14  9.12162e-14  8.72962e-14  6.79475e-14  7.64115e-14
  7.20702e-14  7.91073e-14  5.63221e-14  3.83152e-14 -3.53417e-15 -2.18529e-14
 -2.42140e-14 -3.79676e-15  1.21844e-15 -3.18092e-15 -1.38831e-15  3.67856e-15
  6.79028e-15  1.25014e-14 -2.90984e-15 -9.29296e-16 -3.63225e-15  1.22400e-14
  4.62627e-15  1.46497e-14  1.30534e-17 -6.19161e-15  5.95862e-15  1.17146e-14
  3.42237e-14  9.11255e-14  1.81779e-13  2.71735e-13  3.38227e-13  3.59924e-13
  3.53391e-13  3.32683e-13  3.35378e-13  3.44146e-13  3.45906e-13  3.41132e-13
  2.95648e-13  2.04305e-13  1.17767e-13  7.02045e-14  3.59688e-14  3.04282e-14
  2.48464e-14  1.03734e-14  1.48961e-14  2.73800e-15  1.26876e-14  4.78435e-15
 -1.28040e-15 -6.51687e-15  7.51376e-15  2.89589e-14  3.23796e-14  3.12429e-14
  3.32537e-14  4.52498e-14  4.79207e-14  4.42039e-14  4.69633e-14  3.67309e-14
  3.21879e-14  2.97956e-14  2.64863e-14  1.94063e-14  1.35888e-14  1.87887e-14
  5.24658e-15 -6.08361e-15 -1.02335e-15 -7.02149e-15 -5.75227e-15  7.69079e-15
 -5.94556e-16 -8.24869e-16 -4.45336e-15 -5.28216e-16  8.52656e-15 -3.64915e-15
  1.32823e-15 -1.62427e-14  5.99170e-15 -1.96820e-15 -2.45145e-15  3.11852e-16
 -5.36442e-16 -2.07390e-14 -2.27058e-15 -3.19147e-15  1.17452e-14  2.25466e-14
 -4.07642e-15  8.91298e-15 -6.84696e-15  1.02439e-14  1.21148e-14 -1.17690e-14
  1.52993e-15  8.06969e-15 -2.37304e-15 -1.39224e-14  5.53966e-16  6.54298e-15
  1.20115e-14  5.41252e-15  4.83334e-16  1.45537e-15  2.91967e-14  1.52162e-14
  8.66175e-16  5.88727e-15  1.34010e-14  1.44178e-14  1.42032e-15  1.58236e-14
  2.53047e-14  2.44811e-14  3.59125e-14  2.51627e-14  2.69333e-14  2.97189e-14
  2.69676e-14  2.12942e-14  2.09522e-14  2.33451e-14  2.59917e-14  1.82290e-14
  1.25449e-14  5.28413e-15  4.61751e-15  8.29875e-16  7.93111e-15  1.54066e-14
  3.05511e-14  5.15435e-14  9.82888e-14  1.75734e-13  2.29226e-13  2.70593e-13
  2.65771e-13  2.41279e-13  2.53413e-13  2.37356e-13  2.39111e-13  2.53167e-13
  2.18516e-13  1.79524e-13  1.00337e-13  5.68310e-14  2.12122e-14 -2.16660e-14
 -1.30027e-14 -2.87677e-14 -2.24925e-14 -8.42437e-15  1.00722e-14  2.10003e-14
 -8.37386e-16  1.20671e-14  1.04309e-14  2.96495e-14  8.87489e-15  1.69340e-14
  2.43992e-14  1.83375e-14  3.23932e-14  2.35062e-14  3.39282e-14  1.36303e-14
  2.98798e-15  5.67985e-15  1.40319e-14  3.49739e-14  2.15263e-14  1.80824e-14
  1.40514e-14  1.13618e-14  1.46989e-14  1.04896e-14  1.58027e-14  1.76851e-14
  2.51412e-14  2.20928e-14  2.19244e-14  2.83513e-14  6.63904e-14  1.08464e-13
  1.65553e-13  2.52118e-13  2.43201e-13  2.44660e-13  2.39858e-13  2.56500e-13
  2.66848e-13  2.70216e-13  2.88963e-13  2.84164e-13  2.49743e-13  2.26303e-13
  1.92371e-13  1.43114e-13  1.48284e-13  1.42554e-13  1.16349e-13  1.32756e-13
  1.37275e-13  1.41043e-13  1.54365e-13  1.34491e-13  1.18570e-13  1.10011e-13
  9.42714e-14  9.39560e-14  1.24487e-13  9.36107e-14  9.37840e-14  7.54241e-14
  6.36159e-14  2.84125e-14  2.41610e-14  5.66490e-14  9.21485e-14  1.94786e-13
  2.42784e-13  2.90372e-13  3.01679e-13  2.87741e-13  2.77055e-13  2.58419e-13
  2.66593e-13  2.55627e-13  2.47043e-13  2.07465e-13  1.18542e-13  8.05943e-14
  3.48544e-14  1.29222e-14  7.05457e-15  1.84911e-14 -1.32948e-16 -6.56283e-15
  1.40970e-14  5.54073e-15 -9.89503e-15  3.39060e-14  1.70785e-15  1.79511e-15
 -4.52748e-15 -4.12068e-15  1.90587e-14  1.56963e-15  2.56637e-14 -6.84321e-16
 -9.22823e-15  5.25534e-15  1.12426e-14  5.86134e-15 -7.01496e-15 -8.23098e-15
 -9.94205e-15  2.21002e-14  1.41243e-14 -2.54526e-14 -1.60530e-15  5.79000e-15
  1.17728e-14 -1.68774e-15  3.54052e-15  5.32579e-15  6.27047e-15  1.12948e-14
  1.11017e-14  1.64913e-14  6.18196e-15 -7.68399e-15  1.77703e-14  1.59137e-14
  1.26423e-14  1.13949e-14  2.22123e-15 -1.05625e-15 -9.07963e-15 -2.28971e-14
  8.59416e-15 -4.34920e-15  1.36875e-14 -4.81635e-15 -3.11244e-15 -1.51362e-14
  1.68647e-14  6.37311e-15  4.25112e-15  4.35004e-14  2.70481e-14  4.76825e-14
  5.92520e-14  7.18571e-14  7.83493e-14  7.99831e-14  6.83345e-14  7.82204e-14
  7.68042e-14  8.99293e-14  4.85433e-14  1.51675e-14  2.38200e-14  4.34886e-14
  4.40562e-14  4.01916e-14  2.91152e-14  3.29661e-14  2.66653e-14  2.85959e-14
  2.97132e-14  3.77339e-14  3.27895e-14  3.91974e-14  3.64210e-14  5.85033e-14
  7.09657e-14  7.77297e-14  9.05317e-14  6.62543e-14  6.92037e-14  8.35412e-14
  8.62066e-14  7.79082e-14  7.92114e-14  3.37256e-14  4.36556e-14  3.23893e-14
  4.34146e-14  5.91409e-14  3.07022e-14     -9999.00     -9999.00     -9999.00
     -9999.00     -9999.00     -9999.00     -9999.00     -9999.00     -9999.00
     -9999.00     -9999.00     -9999.00     -9999.00     -9999.00     -9999.00
     -9999.00     -9999.00     -9999.00     -9999.00     -9999.00     -9999.00
     -9999.00     -9999.00     -9999.00     -9999.00     -9999.00     -9999.00
     -9999.00     -9999.00     -9999.00     -9999.00     -9999.00     -9999.00
     -9999.00     -9999.00     -9999.00     -9999.00     -9999.00     -9999.00
     -9999.00     -9999.00     -9999.00     -9999.00     -9999.00     -9999.00
     -9999.00     -9999.00     -9999.00     -9999.00     -9999.00     -9999.00
     -9999.00     -9999.00     -9999.00     -9999.00     -9999.00     -9999.00
     -9999.00     -9999.00     -9999.00     -9999.00     -9999.00     -9999.00
     -9999.00     -9999.00     -9999.00     -9999.00     -9999.00     -9999.00
     -9999.00     -9999.00     -9999.00     -9999.00     -9999.00     -9999.00
     -9999.00     -9999.00     -9999.00     -9999.00     -9999.00     -9999.00
     -9999.00     -9999.00     -9999.00     -9999.00     -9999.00     -9999.00
     -9999.00     -9999.00     -9999.00     -9999.00     -9999.00     -9999.00
     -9999.00     -9999.00     -9999.00     -9999.00     -9999.00     -9999.00
     -9999.00     -9999.00     -9999.00     -9999.00     -9999.00     -9999.00
     -9999.00     -9999.00     -9999.00     -9999.00     -9999.00     -9999.00
     -9999.00     -9999.00     -9999.00     -9999.00     -9999.00     -9999.00
     -9999.00     -9999.00     -9999.00     -9999.00     -9999.00     -9999.00
     -9999.00     -9999.00     -9999.00     -9999.00     -9999.00     -9999.00
     -9999.00     -9999.00     -9999.00     -9999.00     -9999.00     -9999.00
  3.28640e-14  5.36592e-14  8.66550e-15  1.74640e-14  9.33731e-15  3.03631e-14
  5.70053e-14  6.27519e-14  2.98154e-15  3.51157e-14  3.42525e-14  3.29493e-14
  8.35168e-15  3.00533e-15  6.83084e-14  2.68621e-14  5.84174e-14 -1.90240e-15
  1.50746e-14  3.29134e-14  2.88087e-14  3.74401e-14 -7.92038e-15  5.05092e-14
 -8.77923e-15  4.32672e-14  6.33414e-14  5.51503e-14  4.07621e-14  1.90587e-14
  4.13468e-14  5.66120e-14 -3.94812e-15     -9999.00     -9999.00     -9999.00
     -9999.00     -9999.00     -9999.00     -9999.00     -9999.00     -9999.00
     -9999.00     -9999.00     -9999.00     -9999.00     -9999.00     -9999.00
     -9999.00     -9999.00     -9999.00     -9999.00     -9999.00     -9999.00
     -9999.00     -9999.00     -9999.00     -9999.00     -9999.00     -9999.00
     -9999.00     -9999.00     -9999.00     -9999.00     -9999.00     -9999.00
     -9999.00     -9999.00     -9999.00     -9999.00     -9999.00     -9999.00
     -9999.00     -9999.00     -9999.00     -9999.00     -9999.00     -9999.00
     -9999.00     -9999.00     -9999.00     -9999.00     -9999.00     -9999.00
     -9999.00     -9999.00     -9999.00     -9999.00     -9999.00     -9999.00
     -9999.00     -9999.00     -9999.00     -9999.00     -9999.00     -9999.00
     -9999.00     -9999.00     -9999.00     -9999.00     -9999.00     -9999.00
     -9999.00     -9999.00     -9999.00     -9999.00     -9999.00     -9999.00
     -9999.00     -9999.00     -9999.00     -9999.00     -9999.00     -9999.00
     -9999.00     -9999.00     -9999.00     -9999.00     -9999.00     -9999.00
     -9999.00     -9999.00     -9999.00     -9999.00     -9999.00     -9999.00
     -9999.00     -9999.00     -9999.00     -9999.00     -9999.00     -9999.00
     -9999.00     -9999.00     -9999.00     -9999.00     -9999.00     -9999.00
     -9999.00     -9999.00     -9999.00     -9999.00     -9999.00     -9999.00
     -9999.00     -9999.00     -9999.00     -9999.00     -9999.00     -9999.00
     -9999.00     -9999.00     -9999.00     -9999.00     -9999.00     -9999.00
     -9999.00     -9999.00     -9999.00     -9999.00  2.13742e-14  1.16773e-14
 -6.72823e-15  4.18085e-15  3.71128e-14  3.28154e-14  4.69809e-14  6.76800e-14
  1.42451e-13  2.28276e-13  2.52492e-13  2.78620e-13  2.96690e-13  2.78615e-13
  2.69194e-13  2.82779e-13  2.86743e-13  2.58337e-13  2.60807e-13  2.29474e-13
  1.70879e-13  9.51111e-14  9.63040e-14  1.06249e-13  8.19014e-14  7.87922e-14
  3.74651e-14  5.45905e-14  7.66740e-14  6.12702e-14  4.71193e-14  5.50178e-14
  7.82368e-14  3.83987e-14  6.67119e-14  6.88818e-14  4.85541e-14  7.20838e-14
  1.02640e-13  1.09289e-13  1.14279e-13  1.02186e-13  8.45733e-14  7.39292e-14
  6.72346e-14  7.27379e-14  6.82855e-14  6.53801e-14  5.14482e-14  2.95939e-14
  1.30656e-14  2.85130e-14  1.01892e-14  2.35791e-14  1.19812e-14  1.59650e-14
  1.05593e-14 -2.89759e-15  3.27337e-15  9.26435e-15 -1.49220e-16 -4.95225e-16
 -2.46924e-14  1.84847e-14 -1.07810e-14  4.77594e-15  6.33413e-15  7.14380e-15
 -5.19276e-15  1.85181e-14  1.06509e-14  5.60993e-15 -2.28388e-14 -8.68428e-15
  2.76225e-14  1.24020e-14 -5.16272e-15  2.40766e-14 -2.49177e-15  3.90995e-15
 -1.87308e-16  3.81213e-15  1.07589e-14  2.08488e-14  8.17180e-17  1.34733e-14
  1.48391e-14  1.94761e-14  5.20931e-14  4.34210e-14  4.98025e-14  2.40662e-14
  4.37649e-14  3.04257e-14  2.84657e-14  5.68045e-14  5.89569e-14  5.71051e-14
  5.72669e-14  4.35578e-14  7.66035e-14  6.57531e-14  9.96777e-14  1.23418e-13
  1.70058e-13  1.87259e-13  1.78378e-13  1.80069e-13  1.61420e-13  1.31258e-13
  1.23617e-13  1.25380e-13  1.38171e-13  1.09733e-13  7.79319e-14  3.04037e-14
  6.15478e-15  5.00679e-18  9.18925e-15 -2.72977e-15  7.12931e-16 -2.86567e-15
  1.41424e-14  1.35410e-14  9.28295e-15  2.15725e-14  6.47736e-15  1.22523e-15
  1.50415e-14  8.89313e-15 -3.65290e-15  9.15706e-16 -4.33186e-15 -1.15424e-15
 -1.35868e-14 -4.39185e-15  6.74450e-15  1.87138e-14  5.95164e-15 -9.08732e-16
 -2.64055e-15  7.23588e-15 -8.57583e-15 -1.00957e-14 -1.14438e-14 -1.25416e-14
  1.14596e-14 -6.73771e-16  7.92843e-15 -2.79915e-15  1.39480e-14 -1.59091e-15
  1.11873e-14  4.90022e-15 -7.92235e-16 -5.04434e-16  5.40483e-15 -1.73534e-14
 -3.65862e-15 -2.89124e-15  5.36746e-15  6.87718e-16 -8.38351e-15  1.63064e-14
  2.36896e-14  1.90076e-14  5.10979e-15 -2.86406e-15  1.68550e-14  2.29738e-14
  2.71413e-14  2.31704e-14  1.87742e-14  1.09345e-14  2.46524e-14  1.97933e-14
  1.91520e-14  3.12942e-14  1.03766e-15 -5.30237e-15 -4.30995e-15  4.90665e-16
 -6.15764e-15 -1.26861e-14  9.15527e-17  5.63693e-15 -1.14468e-14 -1.51652e-14
  8.10707e-15  3.35115e-15 -1.25968e-14 -7.29060e-15  1.95551e-15  1.99950e-15
 -5.13464e-16 -3.81097e-15 -1.82319e-15 -1.32922e-14 -3.23750e-14  1.35183e-16
 -6.97786e-15 -8.84208e-15  1.69208e-14 -8.58504e-15 -8.20148e-15  1.14781e-14
 -1.20653e-14  2.99102e-15 -7.10034e-15  6.11186e-15  6.73735e-15  1.00978e-14
 -1.36750e-14  5.42110e-15  1.99270e-15  8.69286e-15  1.69478e-14  1.14834e-15
  1.72698e-15 -3.14552e-14 -9.40007e-15  8.98325e-15  2.27094e-15 -4.36771e-15
 -2.67676e-15 -1.71483e-15  5.70846e-15  1.82962e-15  6.97464e-15 -4.43280e-15
  2.03526e-15  8.70395e-15  1.13862e-14  4.88985e-15  4.98426e-15 -5.85517e-15
 -8.40336e-15 -6.88970e-16 -1.63465e-14 -1.47052e-14 -2.47289e-14 -1.98001e-14
 -1.67894e-14 -1.91876e-14 -2.98140e-14  3.07059e-15 -9.27991e-15 -2.24635e-15
 -5.05579e-15  1.38100e-14  1.61272e-15  9.10968e-15  3.09337e-14  7.32086e-14
  1.76812e-13  3.32860e-13  4.81808e-13  6.03041e-13  5.96901e-13  5.62932e-13
  5.14147e-13  4.92877e-13  4.88175e-13  4.87118e-13  4.66692e-13  4.07767e-13
  3.04269e-13  1.79469e-13  1.19487e-13  1.20255e-13  8.39885e-14  1.00595e-13
  1.20013e-13  1.11161e-13  9.21868e-14  1.00752e-13  1.24857e-13  1.10736e-13
  1.03499e-13  7.30062e-14  1.29418e-13  5.24901e-14  3.37451e-14  2.43777e-14
  2.68382e-14  2.81457e-14  3.42482e-14  2.07907e-14  9.11522e-15  1.70730e-14
  2.08878e-14  7.92038e-15 -8.65012e-16  4.08179e-15 -9.46641e-16  3.86345e-15
  4.59069e-15  5.02396e-15 -8.07702e-15  3.08164e-14  2.39983e-14  5.52742e-14
  9.75723e-14  1.54556e-13  2.16653e-13  2.71012e-13  2.65489e-13  2.68135e-13
  2.77158e-13  2.71515e-13  2.83437e-13  3.42323e-13  4.22578e-13  4.50575e-13
  4.43485e-13  4.07461e-13  3.63130e-13  3.32035e-13  2.96830e-13  2.86911e-13
  2.80569e-13  2.52703e-13  2.45068e-13  1.89504e-13  8.77653e-14  2.92711e-14
  1.15836e-15  1.54996e-14  1.10396e-14 -5.37381e-15 -4.17209e-15  1.25928e-14
 -2.90492e-15  6.75434e-15  1.43276e-14  7.84278e-16  6.23989e-15  9.17459e-15
  8.09312e-15  5.36513e-15  9.43798e-15  1.31798e-14  2.23117e-14  2.41714e-14
  3.85655e-14  4.04212e-14  4.13142e-14  2.49753e-14  3.73853e-14  1.20149e-14
  3.10063e-14  2.02709e-14  2.61873e-14  1.75881e-14  1.45812e-14  2.52589e-14
  2.38026e-14  2.82218e-14  2.88856e-14  2.89437e-14  4.96330e-14  7.17096e-14
  8.16468e-14  1.05231e-13  1.14661e-13  1.12935e-13  1.20648e-13  1.19910e-13
  1.28973e-13  1.21976e-13  1.11672e-13  1.14902e-13  1.27989e-13  9.72199e-14
  8.89328e-14  1.06528e-13  1.01056e-13  8.17051e-14  9.27669e-14  9.33019e-14
  9.49441e-14  7.19959e-14  5.54781e-14  5.53086e-14  1.59563e-14  1.01323e-14
  3.12066e-15  2.25484e-15 -8.36867e-15 -5.08583e-15  4.20016e-15  7.49034e-15
  1.10961e-14  1.19408e-14  3.56886e-14  4.92826e-14  4.95454e-14  8.41611e-14
  8.90418e-14  7.76208e-14  8.84707e-14  7.44971e-14  7.16136e-14  7.20631e-14
  6.66143e-14  7.88856e-14  5.40158e-14  4.57208e-14  2.71854e-14  2.57850e-15
  8.34543e-15  3.39387e-14  1.71504e-14  3.26630e-14  2.68126e-14  1.93550e-14
  1.70546e-14  3.87431e-14  1.24363e-14  1.00962e-14 -1.82651e-14  1.96316e-14
  1.78555e-14  1.32605e-14  1.40777e-14  1.97191e-14  2.32290e-14  1.53075e-14
  1.47990e-14  1.61794e-14  6.69533e-15  3.30536e-14  4.68854e-14  7.86524e-14
  1.33813e-13  1.92358e-13  2.63963e-13  2.83426e-13  2.71411e-13  2.77288e-13
  2.55992e-13  2.50321e-13  2.70331e-13  2.66059e-13  2.52085e-13  2.09520e-13
  1.25416e-13  8.10460e-14  3.97171e-14  2.04678e-14  4.95994e-15  1.51813e-14
  2.53769e-14  1.35698e-14  1.16113e-14  1.25787e-14  2.09073e-14  1.04785e-15
  1.33122e-14  1.17263e-14  2.25037e-14 -4.07517e-16  1.07782e-14  3.10634e-14
  5.56351e-14  8.83752e-14  1.27136e-13  1.60573e-13  1.62202e-13  1.66735e-13
  1.50896e-13  1.55551e-13  1.73863e-13  1.59626e-13  1.39420e-13  1.18092e-13
     -9999.00  1.60218e-13  2.85813e-13  2.91694e-13  3.00791e-13     -9999.00
  8.29393e-14  1.54432e-13  1.37397e-13  5.57622e-14  1.22674e-13  2.68950e-14
  1.97280e-13  1.72990e-13  1.36023e-13  1.78304e-13  1.94617e-13  2.48151e-13
  2.66229e-13  2.53844e-13  2.83354e-13  3.53414e-13  1.89496e-13     -9999.00
     -9999.00     -9999.00     -9999.00     -9999.00     -9999.00     -9999.00
     -9999.00     -9999.00     -9999.00     -9999.00     -9999.00     -9999.00
     -9999.00     -9999.00     -9999.00     -9999.00     -9999.00     -9999.00
     -9999.00     -9999.00     -9999.00     -9999.00     -9999.00     -9999.00
     -9999.00     -9999.00     -9999.00     -9999.00  7.09280e-14  5.73651e-14
  7.28527e-14  2.43623e-14     -9999.00  4.59741e-14  4.61107e-14  5.44447e-14
  2.18806e-14  2.36503e-14  1.08873e-14 -1.50204e-16  3.00407e-15  2.33721e-14
  1.43664e-14  1.86524e-14  2.15465e-14  1.07557e-15  9.83423e-15  1.93058e-14
  9.53400e-15  5.04148e-15  1.98498e-14  7.99566e-15  1.85359e-15  1.15761e-14
 -3.37297e-15  5.46634e-15  1.34500e-14 -1.36292e-15  7.50911e-15  5.73063e-15
  1.49100e-14  3.72291e-14  7.98851e-14  1.24532e-13  1.46986e-13  1.63210e-13
  1.67934e-13  1.51522e-13  1.56554e-13  1.62039e-13  1.53062e-13  1.44595e-13
  1.45796e-13  1.27361e-13  7.50407e-14  4.96389e-14  2.99057e-14 -1.06573e-16
  2.08545e-14  1.49356e-14  1.44314e-14  1.11823e-14  5.95307e-15  4.80509e-15
 -1.16712e-15  9.08357e-15  1.39564e-14  1.26087e-14 -5.39839e-15  5.68432e-15
  6.37186e-15  2.12785e-14  1.31185e-14  1.89244e-14  2.39586e-14  4.74038e-14
  1.19897e-13  1.97320e-13  2.53970e-13  2.87440e-13  2.68854e-13  2.60349e-13
  2.50740e-13  2.52215e-13  2.56144e-13  2.42787e-13  2.33436e-13  2.12799e-13
  1.60169e-13  8.30399e-14  3.33382e-14  2.06083e-14  8.91441e-15  2.87962e-15
  1.36185e-15  7.33888e-15  1.82798e-14  2.50322e-14  2.62223e-14  2.94768e-14
  2.98308e-14  2.71960e-14  4.36825e-14  3.99077e-14  3.72856e-14  6.69867e-14
  8.62201e-14  1.00855e-13  9.76580e-14  9.42246e-14  7.37452e-14  6.56859e-14
  6.50910e-14  6.87583e-14  6.50970e-14  6.10603e-14  4.47346e-14  3.37962e-14
  6.61004e-15  4.38845e-15  7.92146e-17  9.47714e-16  8.88526e-16  5.47850e-15
 -4.16458e-16 -3.87606e-15 -5.31524e-16  1.02952e-14 -1.01262e-15  1.24077e-14
  1.20252e-15  4.25720e-15  6.56712e-15  7.33155e-15  2.55561e-15 -6.23006e-15
  6.28942e-15 -3.22866e-15  5.05990e-15 -8.20613e-15  4.79543e-15  1.25273e-14
 -1.47064e-14 -1.31348e-15  1.97700e-14  2.11047e-14  2.28506e-15  1.15553e-14
  1.12090e-14  3.25897e-14  2.96545e-14  5.83150e-14  6.15832e-14  6.19224e-14
  6.05718e-14  6.24794e-14  5.80804e-14  4.90587e-14  4.17577e-14  4.55786e-14
  3.40231e-14  2.80879e-14  1.71647e-14  1.69172e-14  1.42348e-14  1.30892e-14
  3.43502e-15  1.15453e-14  2.21837e-14  2.00862e-14  2.84554e-14  3.48712e-14
  4.57942e-14  4.59466e-14  5.22212e-14  4.97507e-14  4.23076e-14  3.82787e-14
  3.41592e-14  4.36097e-14  4.26761e-14  4.72112e-14  3.28424e-14  2.37594e-14
  1.31242e-14  3.63654e-15  9.55850e-15 -2.64698e-15  1.77026e-14  4.16061e-14
  5.52766e-14  2.95240e-14  2.57045e-14  2.06366e-14  3.27548e-14  4.80216e-14
  2.34085e-14  2.21230e-14  2.17686e-14  1.17273e-14  9.53615e-15  7.72297e-15
  6.81764e-15  9.17834e-15  1.40136e-15  8.52799e-15  8.86202e-15  2.99231e-14
  4.07767e-14  4.23655e-14  4.34711e-14  4.23185e-14  4.36551e-14  4.86168e-14
  4.61134e-14  4.71922e-14  4.71475e-14  5.16483e-14  3.06700e-14  4.02142e-14
  1.71930e-14  4.12703e-15  8.13603e-15  1.51813e-15 -1.89757e-15  1.79104e-14
  7.20584e-15  8.93337e-15  1.38627e-14  1.00207e-14 -1.04795e-14  4.90987e-15
 -8.58486e-16 -9.57906e-16 -5.89013e-16  2.57832e-15  1.82033e-16  1.01974e-14
 -1.01750e-14  4.05085e-15  9.36949e-15 -2.02006e-15  3.05665e-15  4.02939e-15
  1.18947e-14  1.14319e-14  1.59273e-14  3.04198e-14  2.01709e-14  2.38640e-14
  2.79942e-14  2.72768e-14  1.91467e-14  1.57585e-14  1.24356e-14  3.81299e-14
  1.11303e-14  1.76402e-14  4.98247e-15  1.92372e-14  1.38305e-14  2.16928e-14
  1.73898e-14  1.99456e-14  1.62227e-14  2.62456e-14  2.25018e-14  1.06541e-14
  1.79050e-14  1.54763e-14  1.03165e-14  8.00407e-15 -8.04484e-15  2.55579e-15
  9.98139e-16  1.40959e-15  5.77962e-15 -1.21999e-14 -4.22180e-15  7.05135e-15
 -6.18213e-15  2.39271e-15  3.92264e-15  1.07576e-14 -1.12262e-14  8.94785e-16
  5.04917e-15  4.04656e-16 -3.67463e-15  1.26493e-14  2.08497e-16  3.30985e-15
  6.24651e-15 -1.19895e-15  1.16336e-14  7.62534e-15  3.52888e-14  4.39020e-14
  6.41708e-14  7.00049e-14  7.35780e-14  6.68203e-14  7.57268e-14  6.99903e-14
  5.42579e-14  6.44032e-14  7.38262e-14  7.89109e-14  6.88326e-14  7.91634e-14
  1.15145e-13  1.64629e-13  2.20777e-13  2.42533e-13  2.22149e-13  2.12968e-13
  2.05091e-13  2.10585e-13  2.18354e-13  2.01491e-13  1.93706e-13  1.60492e-13
  1.14662e-13  6.74595e-14  4.87098e-14  4.80301e-14  5.44646e-14  6.53032e-14
  8.72566e-14  8.25959e-14  7.62995e-14  6.55217e-14  6.71550e-14  6.95375e-14
  6.86091e-14  6.03322e-14  6.37962e-14  5.87490e-14  2.91177e-14  2.53111e-14
  2.96817e-14  3.95980e-14  6.48878e-14  1.08130e-13  1.38269e-13  2.06012e-13
  2.49359e-13  2.97669e-13  2.85321e-13  2.75656e-13  2.72692e-13  2.66008e-13
  2.41531e-13  2.41785e-13  2.20313e-13  1.93171e-13  1.45515e-13  8.21883e-14
  5.26834e-14  3.09834e-14  6.69515e-15  5.67234e-15  1.00383e-14  1.85945e-14
  7.90089e-15 -5.70953e-16  4.25291e-15 -8.80659e-16  1.80472e-14  1.39339e-14
  1.11895e-14  2.87093e-14  4.91853e-14  9.20872e-14  2.03367e-13  3.47619e-13
  4.73264e-13  5.37586e-13  4.95591e-13  4.62425e-13  4.26238e-13  3.95969e-13
  3.83552e-13  3.80109e-13  3.78885e-13  3.20848e-13  2.27877e-13  1.48434e-13
  8.28377e-14  6.57456e-14  7.77615e-14  9.00675e-14  9.96108e-14  9.08661e-14
  1.00797e-13  1.01155e-13  9.73397e-14  1.02093e-13  1.10385e-13  1.19189e-13
  1.01785e-13  8.69454e-14  6.69315e-14  4.90043e-14  5.33674e-14  3.98465e-14
  2.80645e-14  3.43562e-14  2.73020e-14  2.10478e-14  9.99033e-16 -4.83334e-16
  8.81624e-15  2.50279e-14  6.67012e-15  1.07288e-15  3.60650e-15  9.77433e-15
  8.54641e-15  2.58565e-15  1.06555e-14  2.59414e-14  5.41763e-14  9.61928e-14
  1.44674e-13  1.76304e-13  1.68691e-13  1.63869e-13  1.61993e-13  1.51482e-13
  1.50609e-13  1.61756e-13  1.61934e-13  1.62527e-13  1.54085e-13  1.28290e-13
  1.02500e-13  8.94331e-14  7.18478e-14  6.15660e-14  6.86091e-14  7.27390e-14
  5.93253e-14  6.82690e-14  6.35802e-14  5.82481e-14  4.71772e-14  4.43203e-14
  5.80233e-14  7.04865e-14  6.55653e-14  6.86442e-14  6.02508e-14  6.55457e-14
  5.24493e-14  5.60251e-14  4.54225e-14  4.45915e-14  3.95658e-14  2.22266e-14
 -3.25307e-14 -5.56916e-15 -8.46523e-15 -7.10607e-16  3.13354e-15  1.68765e-15
  1.01674e-14  1.32346e-14  1.35419e-14  2.21504e-14  1.81267e-14  7.14777e-14
     -9999.00  4.13441e-14  4.37554e-14  3.30972e-14  3.16104e-14  3.53705e-14
  3.23458e-14  3.36174e-14  2.90458e-14  2.37000e-14  1.03771e-14  4.11701e-15
  2.58565e-15 -6.78223e-15  2.12663e-15  1.45251e-15 -9.48608e-16  5.26607e-15
  1.75363e-15 -2.61265e-15 -3.06353e-15  1.33002e-15  3.40569e-15 -2.63599e-15
  7.07459e-15  1.86467e-15 -2.56562e-15  8.87364e-15 -3.66658e-16  1.12352e-14
  5.33974e-15  5.53286e-15  1.22859e-14  6.09756e-15  7.87818e-15  1.17967e-14
 -4.35627e-15  9.59426e-15  4.54456e-15  5.38409e-15  4.25148e-15  1.67953e-14
  2.68757e-16  2.52787e-14  2.06255e-14  1.87712e-14  2.48026e-14  2.65067e-14
  3.98076e-14  4.65678e-14  5.67983e-14  8.35176e-14  1.44999e-13  2.14813e-13
  2.92125e-13  3.29545e-13  3.14276e-13  3.11181e-13  2.84443e-13  2.85662e-13
  2.86701e-13  2.89974e-13  2.93006e-13  2.57713e-13  1.99807e-13  1.37551e-13
  7.65971e-14  4.92967e-14  2.91122e-14  2.25799e-14  1.90648e-14  1.69439e-14
  1.06519e-14  2.45833e-15  1.69086e-15  4.52560e-15  8.79926e-15  6.12044e-15
  8.24189e-15  8.02034e-15  8.09455e-15  1.64339e-14  7.87443e-15 -9.63449e-16
  7.30062e-15  1.42668e-14 -8.21203e-16  6.06859e-15 -6.87683e-15 -3.35491e-15
 -3.72192e-15  1.31696e-15 -3.78191e-16  4.26042e-15  2.15471e-15  4.89271e-15
 -2.90215e-16 -1.34987e-15  1.95569e-15  4.26489e-15  4.95708e-15 -3.24368e-16
  5.27626e-15  1.43319e-15  3.60096e-15  1.42997e-15  5.61833e-16  5.11265e-15
  4.67795e-15 -2.61909e-15 -3.44136e-15  6.11007e-15  6.14852e-15 -3.54499e-15
 -7.16427e-15  9.67687e-15  7.84993e-15  7.67344e-15  6.36935e-15  8.63421e-15
  1.31822e-14 -6.77079e-15 -4.77326e-15 -1.11312e-15  7.91323e-15  3.57395e-15
  3.43734e-15  6.93262e-15  1.49363e-15  4.08536e-15 -3.28937e-15  6.58751e-16
  3.03948e-15  2.71744e-15 -1.28567e-15  6.35433e-15 -5.25919e-15  6.74808e-15
  8.46863e-16  1.44153e-14  8.45075e-16  7.75695e-15  1.03900e-14  1.46186e-14
  2.97385e-15  3.82358e-15  2.25817e-14  1.34450e-14  1.02636e-14  1.34275e-14
  1.81201e-14  8.57341e-15  1.44487e-14  1.51377e-14  2.87479e-14  2.42114e-14
  2.55278e-14  1.31612e-14  1.83842e-14  4.45390e-15  7.37250e-15  5.54699e-15
  5.59330e-16  1.05590e-15  1.01144e-14  1.48426e-14  1.41919e-14  6.66046e-15
 -5.10013e-15  1.06766e-14  2.54059e-15 -1.27861e-15  1.05405e-14  2.67704e-14
  1.58708e-14  1.07104e-14  1.61827e-14  1.32784e-14  2.55464e-14  1.40170e-14
  2.01831e-14  1.18432e-14  8.26496e-15  1.06727e-14 -2.63268e-15 -2.03785e-15
 -3.79649e-15 -6.00243e-15  1.73879e-15  6.33091e-15  3.31897e-15  4.25899e-15
 -6.46144e-15 -6.47861e-15 -3.65844e-15  1.11294e-15 -4.76736e-15 -1.51107e-15
  5.70559e-15  9.40365e-15 -6.65769e-15 -2.23231e-15  6.68049e-16 -1.06189e-14
  6.24955e-15  5.89335e-15 -3.60149e-15 -3.79890e-16  1.19956e-14 -3.94508e-15
 -8.73381e-15  3.76117e-15  5.79751e-15  2.05883e-14  8.09455e-15  4.06215e-14
  6.12445e-14  8.48880e-14  9.62670e-14  1.19388e-13  1.05967e-13  1.09760e-13
  1.00040e-13  9.77851e-14  9.51444e-14  9.15052e-14  9.02406e-14  7.07130e-14
  7.31555e-14  5.65174e-14  7.44588e-14  7.14127e-14  8.15452e-14  8.19706e-14
  7.86045e-14  7.75394e-14  7.77621e-14  9.72426e-14  9.34049e-14  7.65898e-14
  7.55217e-14  5.81877e-14  4.22634e-14  2.35090e-14  1.92683e-14  1.48053e-14
  2.06341e-14  2.04774e-14  6.11978e-14  9.20790e-14  1.44617e-13  1.80485e-13
  2.15260e-13  2.30239e-13  2.47550e-13  2.35832e-13  2.27714e-13  2.33666e-13
  2.36496e-13  2.29288e-13  2.03783e-13  1.84299e-13  1.12858e-13  7.52399e-14
  6.49377e-14  4.68444e-14  3.42305e-14  5.36005e-14  4.86996e-14  4.88241e-14
  2.19086e-14  3.95275e-14  3.63969e-14  5.43045e-14  3.69346e-14  4.52364e-14
  4.88911e-14  2.89634e-14  2.77755e-14  3.32263e-14  4.71243e-14  5.90744e-14
  5.44801e-14  5.88702e-14  5.86984e-14  5.48451e-14  5.61951e-14  5.23571e-14
  4.32190e-14  3.65739e-14  4.11694e-14  3.13500e-14  2.08776e-14 -6.19233e-16
  1.20360e-14  2.11322e-15  1.94870e-14  3.81339e-14  6.42786e-14  6.09310e-14
  7.23821e-14  4.95350e-14  7.05580e-14  4.72484e-14  6.18889e-14  8.14283e-14
  1.13391e-13  1.72185e-13  2.10467e-13  2.38275e-13  2.34829e-13  2.10744e-13
  2.00617e-13  1.96665e-13  1.88605e-13  2.05231e-13  1.89983e-13  1.81145e-13
  1.33319e-13  8.97517e-14  4.09749e-14  1.25538e-14  1.55296e-14  2.35820e-14
  6.28710e-16  3.65120e-15 -6.16944e-15 -4.80884e-15  2.03937e-14  2.02857e-14
 -2.09153e-14 -1.03124e-14 -4.52042e-16  6.72537e-15  1.12361e-14 -8.45253e-16
  2.36660e-14  1.22856e-14  2.53562e-14  1.37853e-14  1.04820e-13  1.44344e-13
     -9999.00     -9999.00     -9999.00     -9999.00     -9999.00     -9999.00
     -9999.00     -9999.00     -9999.00     -9999.00     -9999.00     -9999.00
     -9999.00     -9999.00     -9999.00     -9999.00     -9999.00     -9999.00
     -9999.00     -9999.00     -9999.00     -9999.00     -9999.00     -9999.00
     -9999.00     -9999.00     -9999.00     -9999.00     -9999.00     -9999.00
     -9999.00     -9999.00     -9999.00     -9999.00     -9999.00     -9999.00
     -9999.00     -9999.00     -9999.00     -9999.00     -9999.00     -9999.00
     -9999.00     -9999.00     -9999.00     -9999.00     -9999.00     -9999.00
  1.85109e-13  9.72598e-14  8.50421e-14  2.72103e-14  3.61394e-14  3.75820e-14
 -6.03408e-15  3.34951e-14 -2.95311e-15 -1.02763e-14  1.70356e-14  9.25022e-15
  3.48058e-14  7.67577e-15  2.82708e-14  1.94471e-14  2.65884e-14  1.52936e-14
  4.38412e-14  1.18879e-14  1.43749e-14  1.56373e-14  1.85544e-14  2.54068e-14
  1.47089e-14  1.99006e-14  2.13833e-14  2.89130e-14  2.05189e-14  2.89083e-14
  3.79668e-14  5.99749e-14  3.68679e-14  6.02460e-14  2.60475e-14  3.17824e-14
  2.21318e-14  3.20463e-14  3.31505e-14  3.72226e-14  2.34729e-14  3.39428e-14
  1.53252e-14  7.85780e-15 -7.82946e-15  3.58289e-15  5.89424e-15  1.57308e-14
  4.14312e-15 -9.07195e-15  6.75237e-15  1.10997e-14  2.64394e-15 -1.05411e-16
 -4.31049e-15  1.61369e-14  4.54187e-17 -8.79318e-15  1.11723e-15  7.56991e-15
 -5.29701e-15 -6.61612e-16 -1.13204e-14 -2.49839e-15  1.68192e-15 -1.75774e-15
 -1.73315e-15 -5.37837e-15 -2.25985e-15 -3.44217e-16  3.45540e-15  4.32569e-15
  6.97839e-15 -3.90673e-15 -1.81282e-15  1.49002e-14  1.09863e-15 -3.26237e-15
  1.09121e-14  7.84922e-15 -5.58579e-15 -1.62470e-15 -3.42768e-15 -8.23402e-15
  7.51376e-16 -1.07503e-15 -1.30156e-14 -3.64530e-15 -1.49399e-15  1.21361e-15
 -6.27279e-16 -5.91606e-15 -5.72008e-15 -3.06425e-15 -1.07498e-14 -1.70177e-15
  4.84550e-15  2.51663e-15 -2.78091e-15 -7.56329e-15 -4.93401e-15  1.65714e-14
 -5.02896e-15  3.25906e-15  6.71911e-15  5.09316e-15 -2.89249e-15 -1.07619e-15
  5.86599e-15 -9.48974e-15  1.16072e-14 -6.42836e-16 -2.09078e-15  5.63014e-15
  7.14433e-15 -1.88613e-15  6.63257e-15  1.47504e-15
