DL> .r COsynbig.pro 
% Compiled module: $MAIN$.
  1.94480e+14  2.09440e+14  2.24400e+14  2.39360e+14  2.54320e+14  2.69280e+14  2.84240e+14  2.99200e+14  3.14160e+14  3.29120e+14  3.44080e+14  3.59040e+14  3.74000e+14  3.88960e+14  4.03920e+14  4.18880e+14  4.33840e+14  4.48800e+14
  4.63760e+14  4.78720e+14  4.93680e+14  5.08640e+14  5.23600e+14  5.38560e+14  5.53520e+14  5.68480e+14  5.83440e+14  5.98400e+14  6.13360e+14  6.28320e+14  6.43280e+14  6.58240e+14  6.73200e+14  6.88160e+14  7.03120e+14  7.18080e+14
  7.33040e+14  7.48000e+14  7.62960e+14  7.77920e+14  7.92880e+14  8.07840e+14  8.22800e+14  8.37760e+14  8.52720e+14  8.67680e+14  8.82640e+14  8.97600e+14  9.12560e+14  9.27520e+14  9.42480e+14  9.57440e+14  9.72400e+14  9.87360e+14
  1.00232e+15  1.01728e+15  1.03224e+15  1.04720e+15  1.06216e+15  1.07712e+15  1.09208e+15  1.10704e+15  1.12200e+15  1.13696e+15  1.15192e+15  1.16688e+15  1.18184e+15  1.19680e+15  1.21176e+15  1.22672e+15  1.24168e+15  1.25664e+15
  1.27160e+15  1.28656e+15  1.30152e+15  1.31648e+15  1.33144e+15  1.34640e+15  1.36136e+15  1.37632e+15  1.39128e+15  1.40624e+15  1.42120e+15  1.43616e+15  1.45112e+15  1.46608e+15  1.48104e+15  1.49600e+15
?3
eina
  2.29000e+07  5.18000e+07  6.20000e+07  5.58000e+07  4.04000e+07  2.52000e+07  1.45000e+07  7.70000e+06  3.89000e+06  1.88000e+06
  4.65000e+07  2.25000e+07  1.30000e+06  6.70000e+06  3.18000e+07  4.58000e+07  4.44000e+07  3.70000e+07  2.44000e+07  1.54000e+07
  4.00000e+07      300000.  1.60000e+07  2.01000e+07  6.00000e+06      600000.  1.49000e+07  2.98000e+07  3.74000e+07  3.60000e+07
  2.34000e+07  1.09000e+07  1.57000e+07      100000.  1.25000e+07  1.83000e+07  6.90000e+06      100000.  6.13000e+06  1.95000e+07
  8.80000e+06  1.86000e+07      400000.  1.37000e+07  7.50000e+06      100000.  9.20000e+06  1.48000e+07  8.97000e+06      644000.
  2.00000e+06  1.52000e+07  6.70000e+06  9.20000e+06  1.50000e+06  1.35000e+07  5.70000e+06      400000.  9.29000e+06  1.49000e+07
      400000.  5.90000e+06  7.80000e+06      100000.  1.00000e+07  1.90000e+06  6.50000e+06  1.15000e+07  3.34000e+06      517000.
      100000.  1.70000e+06  7.90000e+06  5.10000e+06  3.20000e+06  4.10000e+06  8.40000e+06      0.00000  5.70000e+06  8.69000e+06
      0.00000      500000.  3.20000e+06  7.00000e+06      400000.  6.60000e+06      0.00000  7.40000e+06  3.50000e+06      316000.
      0.00000  1.00000e+06  1.10000e+06  4.30000e+06  4.60000e+06      700000.  4.40000e+06  2.10000e+06  1.64000e+06  5.96000e+06
      0.00000      200000.  1.90000e+06  5.00000e+06  4.40000e+06  1.10000e+06  3.10000e+06  1.10000e+06  4.32000e+06      79900.0
      0.00000      0.00000      0.00000      500000.  2.80000e+06  3.50000e+06      0.00000  4.30000e+06      64600.0  3.26000e+06
wavenum
      64745.9      66229.6      67677.3      69089.4      70467.2      71808.1      73120.8      74392.9      75632.7      76838.4
      62605.6      64086.1      65535.1      66947.8      68324.7      69667.0      70977.4      72249.6      73489.4      74695.1
      60488.7      61969.4      63415.6      64829.8      66207.6      67549.3      68856.3      70132.8      71372.6      72578.3
      58397.6      59880.2      61327.1      62739.2      64114.9      65457.9      66769.0      68055.6      69282.3      70488.0
      56331.7      57816.8      59262.8      60675.9      62054.0      63395.5      64704.0      65978.4      67218.2      68423.9
      54294.7      55778.7      57224.6      58637.3      60013.2      61357.2      62668.4      63940.6      65180.5      66386.2
      52284.8      53766.3      55212.0      56625.1      58004.6      59347.2      60653.8      61929.1      63168.9      64374.6
      50299.3      51781.3      53228.3      54641.8      56019.3      57362.5      58668.2      59943.7      61183.5      62389.2
      48339.1      49821.2      51268.6      52681.0      54058.6      55401.7      56710.2      57984.3      59224.2      60429.9
      46405.8      47887.9      49335.2      50747.6      52125.3      53468.3      54776.8      56051.0      57290.0      58496.5
      44498.3      45980.4      47427.7      48840.2      50217.8      51560.8      52869.4      54143.5      55383.3      56589.0
      42600.0      44098.8      45546.1      46958.5      48336.2      49679.2      50987.7      52216.8      53501.7      54707.4
?2
T_rot_fl
      1317.48      1293.30      1271.18      1250.83      1232.02      1214.54      1198.23      1182.97      1168.62      1155.11      1142.35      1130.26      1118.78      1107.86      1097.46      1087.53      1078.03      1068.93
      1060.20      1051.82      1043.76      1036.00      1028.52      1021.30      1014.33      1007.59      1001.07      994.752      988.630      982.692      976.929      971.330      965.888      960.595      955.445      950.429
      945.542      940.779      936.133      931.599      927.173      922.851      918.627      914.498      910.461      906.511      902.645      898.860      895.153      891.522      887.963      884.474      881.052      877.696
      874.402      871.170      867.996      864.879      861.818      858.809      855.853      852.947      850.089      847.279      844.515      841.795      839.118      836.484      833.890      831.336      828.820      826.343
      823.901      821.496      819.125      816.788      814.484      812.212      809.971      807.761      805.581      803.430      801.307      799.212      797.144      795.103      793.088      791.097
T_rot_cl
      1316.60      1292.43      1270.33      1250.00      1231.20      1213.73      1197.43      1182.18      1167.84      1154.34      1141.58      1129.50      1118.03      1107.12      1096.73      1086.80      1077.31      1068.22
      1059.50      1051.12      1043.07      1035.31      1027.83      1020.62      1013.65      1006.92      1000.40      994.088      987.971      982.037      976.277      970.682      965.244      959.954      954.807      949.795
      944.911      940.151      935.508      930.977      926.555      922.235      918.014      913.888      909.853      905.906      902.043      898.260      894.556      890.927      887.370      883.883      880.464      877.110
      873.819      870.588      867.417      864.302      861.242      858.236      855.282      852.378      849.522      846.714      843.951      841.233      838.558      835.925      833.333      830.781      828.267      825.791
      823.352      820.948      818.578      816.243      813.940      811.670      809.431      807.222      805.043      802.894      800.772      798.679      796.612      794.572      792.558      790.569
H_den
  1.70156e+10  1.68275e+10  1.66543e+10  1.64938e+10  1.63445e+10  1.62050e+10  1.60741e+10  1.59509e+10  1.58346e+10  1.57245e+10  1.56200e+10  1.55206e+10  1.54258e+10  1.53354e+10  1.52488e+10  1.51658e+10  1.50862e+10  1.50097e+10
  1.49360e+10  1.48651e+10  1.47966e+10  1.47305e+10  1.46666e+10  1.46048e+10  1.45449e+10  1.44868e+10  1.44305e+10  1.43758e+10  1.43226e+10  1.42709e+10  1.42207e+10  1.41717e+10  1.41240e+10  1.40775e+10  1.40322e+10  1.39879e+10
  1.39447e+10  1.39026e+10  1.38613e+10  1.38210e+10  1.37816e+10  1.37430e+10  1.37052e+10  1.36682e+10  1.36320e+10  1.35965e+10  1.35616e+10  1.35275e+10  1.34940e+10  1.34611e+10  1.34289e+10  1.33972e+10  1.33660e+10  1.33355e+10
  1.33054e+10  1.32759e+10  1.32469e+10  1.32183e+10  1.31902e+10  1.31626e+10  1.31353e+10  1.31086e+10  1.30822e+10  1.30562e+10  1.30307e+10  1.30055e+10  1.29806e+10  1.29562e+10  1.29320e+10  1.29083e+10  1.28848e+10  1.28617e+10
  1.28389e+10  1.28164e+10  1.27942e+10  1.27723e+10  1.27506e+10  1.27293e+10  1.27082e+10  1.26874e+10  1.26668e+10  1.26465e+10  1.26265e+10  1.26066e+10  1.25871e+10  1.25677e+10  1.25486e+10  1.25297e+10
b_tot
      312759.      312529.      312319.      312126.      311947.      311780.      311625.      311480.      311343.      311214.      311093.      310977.      310868.      310764.      310664.      310569.      310479.      310392.
      310308.      310228.      310151.      310077.      310005.      309936.      309869.      309805.      309742.      309682.      309623.      309566.      309511.      309457.      309405.      309354.      309305.      309257.
      309210.      309164.      309120.      309076.      309034.      308992.      308952.      308912.      308873.      308835.      308798.      308762.      308726.      308691.      308657.      308624.      308591.      308558.
      308527.      308496.      308465.      308435.      308406.      308377.      308348.      308320.      308293.      308266.      308239.      308213.      308187.      308162.      308137.      308112.      308088.      308064.
      308041.      308017.      307995.      307972.      307950.      307928.      307906.      307885.      307864.      307843.      307823.      307803.      307783.      307763.      307744.      307724.
2
2% Compiled module: DERIV.
F_tau:
      0.00000   0.00883101    0.0175999    0.0263071    0.0349531    0.0435385    0.0520638    0.0605294    0.0689357    0.0772834    0.0855727    0.0938044     0.101979     0.110096     0.118157     0.126163     0.134113     0.142007
     0.149848     0.157633     0.165366     0.173045     0.180671     0.188245     0.195767     0.203237     0.210656     0.218025     0.225342     0.232611     0.239829     0.246998     0.254119     0.261191     0.268216     0.275192
     0.282122     0.289004     0.295840     0.302631     0.309375     0.316074     0.322728     0.329337     0.335902     0.342424     0.348901     0.355335     0.361727     0.368076     0.374382     0.380648     0.386871     0.393053
     0.399194     0.405295     0.411355     0.417375     0.423356     0.429297     0.435200     0.441063     0.446889     0.452676     0.458426     0.464137     0.469813     0.475450     0.481052     0.486617     0.492146     0.497639
     0.503096     0.508519     0.513907     0.519260     0.524578     0.529863     0.535113     0.540330     0.545514     0.550664     0.555782     0.560867     0.565920     0.570940     0.575930     0.580888     0.585814     0.590709
     0.595573     0.600407     0.605210     0.609983     0.614727     0.619440     0.624125     0.628780     0.633407     0.638003     0.642571     0.647112     0.651624     0.656109     0.660565     0.664995     0.669397     0.673772
     0.678120     0.682442     0.686737     0.691006     0.695249     0.699466     0.703658     0.707823     0.711965     0.716080     0.720171     0.724236     0.728278     0.732297     0.736289     0.740259     0.744205     0.748126
     0.752025     0.755901     0.759753     0.763583     0.767390     0.771174     0.774936     0.778675     0.782394     0.786089     0.789763     0.793416     0.797047     0.800658     0.804247     0.807814     0.811362     0.814889
     0.818395     0.821880     0.825347     0.828793     0.832219     0.835625     0.839013     0.842380     0.845728     0.849057     0.852367     0.855659     0.858931     0.862185     0.865421     0.868637     0.871838     0.875019
     0.878182     0.881328     0.884455     0.887566     0.890660     0.893735     0.896795     0.899836     0.902859     0.905869     0.908861     0.911836     0.914794     0.917736     0.920663     0.923573     0.926468     0.929346
     0.932209     0.935057     0.937889     0.940705     0.943507     0.946293     0.949064     0.951820     0.954562     0.957289     0.960001     0.962700     0.965383     0.968051     0.970706     0.973347     0.975974     0.978587
     0.981185     0.983772     0.986345     0.988903     0.991447     0.993979     0.996498     0.999004      1.00150      1.00398      1.00644      1.00890      1.01134      1.01377      1.01618      1.01859      1.02098      1.02336
      1.02573      1.02808      1.03042      1.03276      1.03507      1.03738      1.03968      1.04196      1.04424      1.04650      1.04875      1.05099      1.05322      1.05544      1.05764      1.05984      1.06202      1.06420
      1.06636      1.06851      1.07065      1.07278      1.07491      1.07702      1.07912      1.08121      1.08328      1.08536      1.08742      1.08947      1.09151      1.09354      1.09556      1.09757      1.09957      1.10156
      1.10355      1.10552      1.10748      1.10944      1.11138      1.11332      1.11525      1.11716      1.11907      1.12097      1.12286      1.12475      1.12662      1.12849      1.13034      1.13219      1.13403      1.13586
      1.13768      1.13950      1.14130      1.14310      1.14489      1.14667      1.14845      1.15021      1.15197      1.15372      1.15546      1.15720      1.15892      1.16064      1.16235      1.16406      1.16575      1.16744
      1.16912      1.17080      1.17246      1.17412      1.17577      1.17742      1.17906      1.18069      1.18231      1.18393      1.18553      1.18714      1.18873      1.19032      1.19190      1.19348      1.19505      1.19661
      1.19816      1.19971      1.20125      1.20279      1.20432      1.20584      1.20736      1.20887      1.21037      1.21187      1.21336      1.21484      1.21632      1.21779      1.21926      1.22072      1.22218      1.22362
      1.22507      1.22650      1.22793      1.22936      1.23078      1.23219      1.23360      1.23500      1.23640      1.23779      1.23918      1.24056      1.24193      1.24330      1.24466      1.24602      1.24737      1.24872
      1.25006      1.25140      1.25273      1.25406      1.25538      1.25670      1.25801      1.25932      1.26062      1.26191      1.26320      1.26449      1.26577      1.26705      1.26832      1.26958      1.27085      1.27210
      1.27336      1.27460      1.27585      1.27708      1.27832      1.27955      1.28077      1.28199      1.28321      1.28442      1.28562      1.28683      1.28802      1.28922      1.29041      1.29159      1.29277      1.29395
      1.29512      1.29629      1.29745      1.29861      1.29976      1.30091      1.30206      1.30320      1.30434      1.30548      1.30661      1.30773      1.30885      1.30997      1.31109      1.31220      1.31330      1.31441
      1.31551      1.31660      1.31769      1.31878      1.31986      1.32094      1.32202      1.32309      1.32416      1.32523      1.32629      1.32735      1.32840      1.32945      1.33050      1.33154      1.33258      1.33362
      1.33465      1.33569      1.33671      1.33773      1.33875      1.33977      1.34078      1.34179      1.34280      1.34380      1.34480      1.34580      1.34679      1.34778      1.34877      1.34975      1.35073      1.35171
      1.35268      1.35365      1.35462      1.35559      1.35655      1.35751      1.35846      1.35941      1.36036      1.36131      1.36225      1.36319      1.36413      1.36507      1.36600      1.36693      1.36785      1.36877
      1.36970      1.37061      1.37153      1.37244      1.37335      1.37425      1.37516      1.37606      1.37696      1.37785      1.37874      1.37963      1.38052      1.38141      1.38229      1.38317      1.38404      1.38492
      1.38579      1.38666      1.38752      1.38838      1.38925      1.39011      1.39096      1.39182      1.39267      1.39352      1.39436      1.39520      1.39605      1.39688      1.39772      1.39855      1.39938      1.40021
      1.40104      1.40187      1.40269      1.40351      1.40432      1.40514      1.40595      1.40676      1.40757      1.40837      1.40918      1.40998      1.41078      1.41158      1.41237      1.41316      1.41395      1.41474
      1.41553      1.41631      1.41709      1.41787      1.41865      1.41943      1.42020      1.42097      1.42174      1.42250      1.42327      1.42403      1.42479      1.42555      1.42631      1.42706      1.42782      1.42857
      1.42932      1.43006      1.43081      1.43155      1.43229      1.43303      1.43376      1.43450      1.43523      1.43596      1.43669      1.43742      1.43815      1.43887      1.43959      1.44031      1.44103      1.44174
      1.44246      1.44317      1.44388      1.44459      1.44530      1.44600      1.44671      1.44741      1.44811      1.44881      1.44950      1.45020      1.45089      1.45158      1.45227      1.45296      1.45365      1.45433
      1.45501      1.45569      1.45637      1.45705      1.45773      1.45840      1.45907      1.45975      1.46041      1.46108      1.46175      1.46241      1.46308      1.46374      1.46440      1.46506      1.46571      1.46637
      1.46702      1.46767      1.46833      1.46897      1.46962      1.47027      1.47091      1.47156      1.47220      1.47284      1.47348      1.47411      1.47475      1.47538      1.47601      1.47664      1.47727      1.47790
      1.47853      1.47915      1.47978      1.48040      1.48102      1.48164      1.48226      1.48288      1.48349      1.48411      1.48472      1.48533      1.48594      1.48655      1.48716      1.48776      1.48837      1.48897
      1.48957      1.49017      1.49077      1.49137      1.49196      1.49256      1.49315      1.49375      1.49434      1.49493      1.49552      1.49610      1.49669      1.49727      1.49786      1.49844      1.49902      1.49960
      1.50018      1.50076      1.50133      1.50191      1.50248      1.50306      1.50363      1.50420      1.50477      1.50533      1.50590      1.50647      1.50703      1.50759      1.50815      1.50871      1.50927      1.50983
      1.51039      1.51095      1.51150      1.51205      1.51261      1.51316      1.51371      1.51426      1.51481      1.51535      1.51590      1.51644      1.51698      1.51753      1.51807      1.51861      1.51915      1.51969
      1.52022      1.52076      1.52130      1.52183      1.52236      1.52289      1.52342      1.52395      1.52448      1.52501      1.52554      1.52606      1.52659      1.52711      1.52763      1.52815      1.52867      1.52919
      1.52971      1.53023      1.53074      1.53126      1.53177      1.53229      1.53280      1.53331      1.53382      1.53433      1.53484      1.53535      1.53585      1.53636      1.53686      1.53737      1.53787      1.53837
      1.53887      1.53937      1.53987      1.54037      1.54087      1.54136      1.54186      1.54235      1.54284      1.54334      1.54383      1.54432      1.54481      1.54530      1.54578      1.54627      1.54676      1.54724
      1.54773      1.54821      1.54869      1.54917      1.54965      1.55013      1.55061      1.55109      1.55157      1.55205      1.55252      1.55300      1.55347      1.55394      1.55441      1.55489      1.55536      1.55583
      1.55629      1.55676      1.55723      1.55770      1.55816      1.55863      1.55909      1.55955      1.56002      1.56048      1.56094      1.56140      1.56186      1.56231      1.56277      1.56323      1.56368      1.56414
      1.56459      1.56505      1.56550      1.56595      1.56640      1.56685      1.56730      1.56775      1.56820      1.56865      1.56909      1.56954      1.56998      1.57043      1.57087      1.57131      1.57176      1.57220
      1.57264      1.57308      1.57352      1.57396      1.57439      1.57483      1.57527      1.57570      1.57614      1.57657      1.57700      1.57744      1.57787      1.57830      1.57873      1.57916      1.57959      1.58002
      1.58044      1.58087      1.58130      1.58172      1.58215      1.58257      1.58299      1.58342      1.58384      1.58426      1.58468      1.58510      1.58552      1.58594      1.58636      1.58678      1.58719      1.58761
      1.58802      1.58844      1.58885      1.58927      1.58968      1.59009      1.59050      1.59091      1.59132      1.59173      1.59214      1.59255      1.59296      1.59336      1.59377      1.59418      1.59458      1.59499
      1.59539      1.59579      1.59620      1.59660      1.59700      1.59740      1.59780      1.59820      1.59860      1.59899      1.59939      1.59979      1.60019      1.60058      1.60098      1.60137      1.60177      1.60216
      1.60255      1.60295      1.60334      1.60373      1.60412      1.60451      1.60490      1.60529      1.60567      1.60606      1.60645      1.60684      1.60722      1.60761      1.60799      1.60838      1.60876      1.60914
      1.60952      1.60991      1.61029      1.61067      1.61105      1.61143      1.61181      1.61219      1.61256      1.61294      1.61332      1.61369      1.61407      1.61444      1.61482      1.61520      1.61557      1.61594
      1.61631      1.61669      1.61706      1.61743      1.61780      1.61817      1.61854      1.61891      1.61927      1.61964      1.62001      1.62038      1.62074      1.62111      1.62147      1.62184      1.62220      1.62256
      1.62293      1.62329      1.62365      1.62402      1.62438      1.62474      1.62510      1.62546      1.62582      1.62618      1.62653      1.62689      1.62725      1.62760      1.62796      1.62831      1.62867      1.62903
      1.62938      1.62973      1.63008      1.63044      1.63079      1.63114      1.63149      1.63185      1.63220      1.63254      1.63289      1.63324      1.63359      1.63394      1.63429      1.63463      1.63498      1.63533
      1.63567      1.63602      1.63636      1.63671      1.63705      1.63739      1.63774      1.63808      1.63842      1.63876      1.63910      1.63944      1.63978      1.64012      1.64046      1.64080      1.64114      1.64148
      1.64181      1.64215      1.64249      1.64282      1.64316      1.64349      1.64383      1.64416      1.64450      1.64483      1.64517      1.64550      1.64583      1.64616      1.64649      1.64682      1.64716      1.64749
      1.64781      1.64814      1.64847      1.64880      1.64913      1.64946      1.64978      1.65011      1.65044      1.65076      1.65109      1.65141      1.65174      1.65206      1.65238      1.65271      1.65303      1.65335
      1.65368      1.65400      1.65432      1.65464      1.65496      1.65528      1.65560      1.65592      1.65624      1.65656      1.65688      1.65719      1.65751      1.65783      1.65814      1.65846      1.65878      1.65909
      1.65941      1.65972      1.66004      1.66035      1.66066      1.66098      1.66129      1.66160      1.66191      1.66222      1.66254      1.66285      1.66316      1.66347      1.66378      1.66409      1.66440      1.66470
      1.66501      1.66532      1.66563      1.66594      1.66624      1.66655      1.66685      1.66716      1.66746      1.66777      1.66807      1.66838      1.66868      1.66899      1.66929      1.66959      1.66989      1.67019
      1.67049      1.67080      1.67110      1.67140      1.67170      1.67200      1.67230      1.67260      1.67289      1.67320      1.67349      1.67379      1.67409      1.67439      1.67468      1.67498      1.67527      1.67557
      1.67586      1.67616      1.67645      1.67675      1.67704      1.67734      1.67763      1.67792      1.67822      1.67851      1.67880      1.67909      1.67938      1.67967      1.67996      1.68025      1.68054      1.68083
      1.68112      1.68141      1.68170      1.68199      1.68228      1.68256      1.68285      1.68314      1.68343      1.68371      1.68400      1.68428      1.68457      1.68485      1.68514      1.68542      1.68571      1.68599
      1.68627      1.68656      1.68684      1.68712      1.68740      1.68768      1.68797      1.68825      1.68853      1.68881      1.68909      1.68937      1.68965      1.68993      1.69021      1.69049      1.69076      1.69104
      1.69132      1.69160      1.69188      1.69215      1.69243      1.69271      1.69298      1.69326      1.69353      1.69381      1.69408      1.69436      1.69463      1.69491      1.69518      1.69545      1.69572      1.69600
      1.69627      1.69654      1.69682      1.69709      1.69736      1.69763      1.69790      1.69817      1.69844      1.69871      1.69898      1.69925      1.69951      1.69978      1.70005      1.70032      1.70059      1.70086
      1.70113      1.70139      1.70166      1.70193      1.70219      1.70246      1.70272      1.70299      1.70325      1.70352      1.70378      1.70405      1.70431      1.70457      1.70484      1.70510      1.70536      1.70562
      1.70589      1.70615      1.70641      1.70667      1.70693      1.70719      1.70746      1.70771      1.70797      1.70823      1.70849      1.70875      1.70901      1.70927      1.70953      1.70979      1.71005      1.71030
      1.71056      1.71082      1.71108      1.71133      1.71159      1.71184      1.71210      1.71235      1.71261      1.71287      1.71312      1.71337      1.71363      1.71388      1.71414      1.71439      1.71464      1.71490
      1.71515      1.71540      1.71565      1.71591      1.71616      1.71641      1.71666      1.71691      1.71716      1.71741      1.71766      1.71791      1.71816      1.71841      1.71866      1.71891      1.71916      1.71941
      1.71965      1.71990      1.72015      1.72040      1.72065      1.72089      1.72114      1.72139      1.72163      1.72188      1.72212      1.72237      1.72262      1.72286      1.72311      1.72335      1.72359      1.72384
      1.72408      1.72432      1.72457      1.72481      1.72505      1.72530      1.72554      1.72578      1.72602      1.72626      1.72651      1.72675      1.72699      1.72723      1.72747      1.72771      1.72795      1.72819
      1.72843      1.72867      1.72891      1.72915      1.72939      1.72962      1.72986      1.73010      1.73034      1.73058      1.73081      1.73105      1.73129      1.73152      1.73176      1.73200      1.73224      1.73247
      1.73271      1.73294      1.73318      1.73341      1.73364      1.73388      1.73411      1.73435      1.73458      1.73481      1.73505      1.73528      1.73551      1.73575      1.73598      1.73621      1.73644      1.73668
      1.73691      1.73714      1.73737      1.73760      1.73783      1.73806      1.73829      1.73852      1.73875      1.73898      1.73921      1.73944      1.73967      1.73990      1.74013      1.74036      1.74058      1.74081
      1.74104      1.74127      1.74149      1.74172      1.74195      1.74218      1.74241      1.74263      1.74285      1.74308      1.74331      1.74353      1.74376      1.74398      1.74421      1.74443      1.74466      1.74488
      1.74511      1.74533      1.74555      1.74578      1.74600      1.74622      1.74644      1.74667      1.74689      1.74711      1.74734      1.74756      1.74778      1.74800      1.74822      1.74844      1.74866      1.74888
      1.74911      1.74933      1.74954      1.74976      1.74998      1.75020      1.75042      1.75064      1.75086      1.75108      1.75130      1.75152      1.75174      1.75195      1.75217      1.75239      1.75261      1.75282
      1.75304      1.75326      1.75347      1.75369      1.75391      1.75412      1.75434      1.75455      1.75477      1.75499      1.75520      1.75542      1.75563      1.75585      1.75606      1.75627      1.75649      1.75670
      1.75691      1.75713      1.75734      1.75755      1.75777      1.75798      1.75819      1.75840      1.75862      1.75883      1.75904      1.75925      1.75946      1.75968      1.75989      1.76010      1.76031      1.76052
      1.76073      1.76094      1.76115      1.76136      1.76157      1.76178      1.76199      1.76220      1.76241      1.76262      1.76282      1.76303      1.76324      1.76345      1.76366      1.76386      1.76407      1.76428
      1.76449      1.76469      1.76490      1.76511      1.76531      1.76552      1.76573      1.76593      1.76614      1.76634      1.76655      1.76675      1.76696      1.76716      1.76737      1.76757      1.76778      1.76798
      1.76819      1.76839      1.76860      1.76880      1.76900      1.76920      1.76941      1.76961      1.76981      1.77002      1.77022      1.77042      1.77062      1.77082      1.77103      1.77123      1.77143      1.77163
      1.77183      1.77203      1.77223      1.77243      1.77263      1.77283      1.77303      1.77323      1.77343      1.77363      1.77383      1.77403      1.77423      1.77443      1.77463      1.77483      1.77503      1.77522
      1.77542      1.77562      1.77582      1.77602      1.77621      1.77641      1.77661      1.77681      1.77700      1.77720      1.77740      1.77759      1.77779      1.77798      1.77818      1.77838      1.77857      1.77877
      1.77896      1.77916      1.77935      1.77955      1.77974      1.77993      1.78013      1.78033      1.78052      1.78071      1.78091      1.78110      1.78130      1.78149      1.78168      1.78187      1.78207      1.78226
      1.78245      1.78265      1.78284      1.78303      1.78322      1.78341      1.78360      1.78380      1.78399      1.78418      1.78437      1.78456      1.78475      1.78494      1.78513      1.78532      1.78551      1.78570
      1.78589      1.78608      1.78627      1.78646      1.78665      1.78684      1.78703      1.78722      1.78741      1.78759      1.78778      1.78797      1.78816      1.78835      1.78854      1.78872      1.78891      1.78910
      1.78928      1.78947      1.78966      1.78985      1.79003      1.79022      1.79041      1.79059      1.79078      1.79096      1.79115      1.79134      1.79152      1.79170      1.79189      1.79208      1.79226      1.79245
      1.79263      1.79281      1.79300      1.79318      1.79337      1.79355      1.79374      1.79392      1.79410      1.79429      1.79447      1.79465      1.79484      1.79502      1.79520      1.79538      1.79557      1.79575
      1.79593      1.79611      1.79629      1.79648      1.79666      1.79684      1.79702      1.79720      1.79738      1.79756      1.79774      1.79793      1.79811      1.79829      1.79847      1.79865      1.79883      1.79901
      1.79919      1.79937      1.79955      1.79973      1.79990      1.80008      1.80026      1.80044      1.80062      1.80080      1.80098      1.80115      1.80133      1.80151      1.80169      1.80187      1.80205      1.80222
      1.80240      1.80258      1.80276      1.80293      1.80311      1.80329      1.80346      1.80364      1.80382      1.80399      1.80417      1.80435      1.80452      1.80469      1.80487      1.80505      1.80522      1.80540
      1.80557      1.80575      1.80592      1.80610      1.80627      1.80645      1.80662      1.80679      1.80697      1.80714      1.80732      1.80749      1.80766      1.80784      1.80801      1.80818      1.80836      1.80853
      1.80870      1.80888      1.80905      1.80922      1.80939      1.80957      1.80974      1.80991      1.81008      1.81025      1.81042      1.81060      1.81077      1.81094      1.81111      1.81128      1.81145      1.81162
      1.81179      1.81196      1.81213      1.81231      1.81247      1.81265      1.81281      1.81298      1.81315      1.81332      1.81349      1.81366      1.81383      1.81400      1.81417      1.81434      1.81451      1.81468
      1.81484      1.81501      1.81518      1.81535      1.81552      1.81569      1.81585      1.81602      1.81619      1.81636      1.81652      1.81669      1.81686      1.81702      1.81719      1.81736      1.81752      1.81769
      1.81786      1.81802      1.81819      1.81836      1.81852      1.81869      1.81885      1.81902      1.81918      1.81935      1.81951      1.81968      1.81985      1.82001      1.82018      1.82034      1.82051      1.82067
      1.82084      1.82100      1.82116      1.82133      1.82149      1.82165      1.82182      1.82198      1.82214      1.82231      1.82247      1.82263      1.82280      1.82296      1.82312      1.82329      1.82345      1.82361
      1.82377      1.82394      1.82410      1.82426      1.82442      1.82458      1.82475      1.82491      1.82507      1.82523      1.82539      1.82555      1.82571      1.82587      1.82603      1.82620      1.82636      1.82652
      1.82668      1.82684      1.82700      1.82716      1.82732      1.82748      1.82764      1.82780      1.82796      1.82812      1.82828      1.82843      1.82859      1.82875      1.82891      1.82907      1.82923      1.82939
      1.82955      1.82971      1.82986      1.83002      1.83018      1.83034      1.83050      1.83065      1.83081      1.83097      1.83113      1.83128      1.83144      1.83160      1.83176      1.83191      1.83207      1.83223
      1.83238      1.83254      1.83270      1.83285      1.83301      1.83316      1.83332      1.83348      1.83363      1.83379      1.83394      1.83410      1.83425      1.83441      1.83457      1.83472      1.83487      1.83503
      1.83518      1.83534      1.83549      1.83565      1.83580      1.83596      1.83611      1.83627      1.83642      1.83657      1.83673      1.83688      1.83704      1.83719      1.83734      1.83750      1.83765      1.83780
      1.83796      1.83811      1.83826      1.83842      1.83857      1.83872      1.83887      1.83902      1.83918      1.83933      1.83948      1.83963      1.83978      1.83994      1.84009      1.84024      1.84039      1.84054
      1.84069      1.84085      1.84100      1.84115      1.84130      1.84145      1.84160      1.84175      1.84190      1.84205      1.84220      1.84235      1.84250      1.84265      1.84280      1.84295      1.84310      1.84325
      1.84340      1.84355      1.84370      1.84385      1.84400      1.84415      1.84430      1.84444      1.84459      1.84474      1.84489      1.84504      1.84519      1.84534      1.84549      1.84563      1.84578      1.84593
      1.84608      1.84623      1.84637      1.84652      1.84667      1.84682      1.84697      1.84711      1.84726      1.84741      1.84755      1.84770      1.84785      1.84799      1.84814      1.84829      1.84843      1.84858
      1.84873      1.84887      1.84902      1.84916      1.84931      1.84946      1.84960      1.84975      1.84989      1.85004      1.85018      1.85033      1.85047      1.85062      1.85076      1.85091      1.85105      1.85120
      1.85134      1.85149      1.85163      1.85178      1.85192      1.85206      1.85221      1.85235      1.85250      1.85264      1.85279      1.85293      1.85307      1.85322      1.85336      1.85350      1.85365      1.85379
      1.85393      1.85408      1.85422      1.85436      1.85450      1.85465      1.85479      1.85493      1.85508      1.85522      1.85536      1.85550      1.85564      1.85579      1.85593      1.85607      1.85621      1.85636
      1.85650      1.85664      1.85678      1.85692      1.85706      1.85720      1.85734      1.85748      1.85762      1.85777      1.85791      1.85805      1.85819      1.85833      1.85847      1.85861      1.85875      1.85889
      1.85903      1.85917      1.85931      1.85945      1.85959      1.85973      1.85987      1.86001      1.86015      1.86029      1.86043      1.86056      1.86070      1.86084      1.86098      1.86112      1.86126      1.86140
      1.86154      1.86167
dFdt
     0.886209     0.879994     0.873804     0.867663     0.861571     0.855531     0.849543     0.843598     0.837704     0.831849     0.826049     0.820297     0.814599     0.808942     0.803317     0.797754     0.792229     0.786747
     0.781304     0.775918     0.770569     0.765252     0.760006     0.754795     0.749603     0.744461     0.739384     0.734311     0.729297     0.724335     0.719383     0.714497     0.709641     0.704842     0.700043     0.695296
     0.690619     0.685929     0.681316     0.676742     0.672154     0.667641     0.663159     0.658722     0.654337     0.649942     0.645582     0.641291     0.637030     0.632763     0.628593     0.624416     0.620245     0.616161
     0.612099     0.608036     0.604029     0.600052     0.596094     0.592207     0.588314     0.584467     0.580645     0.576847     0.573061     0.569332     0.565619     0.561970     0.558355     0.554688     0.551100     0.547535
     0.544001     0.540531     0.537039     0.533543     0.530148     0.526768     0.523373     0.520012     0.516710     0.513430     0.510149     0.506893     0.503658     0.500507     0.497366     0.494188     0.491070     0.487963
     0.484888     0.481848     0.478819     0.475834     0.472847     0.469893     0.466982     0.464085     0.461159     0.458233     0.455463     0.452656     0.449818     0.447063     0.444321     0.441566     0.438847     0.436172
     0.433498     0.430820     0.428204     0.425613     0.423008     0.420433     0.417873     0.415379     0.412827     0.410290     0.407825     0.405365     0.403034     0.400524     0.398090     0.395794     0.393364     0.391029
     0.388756     0.386391     0.384079     0.381821     0.379555     0.377304     0.375027     0.372894     0.370735     0.368492     0.366329     0.364178     0.362087     0.359982     0.357819     0.355747     0.353729     0.351662
     0.349590     0.347633     0.345612     0.343582     0.341606     0.339706     0.337749     0.335747     0.333866     0.331940     0.330074     0.328201     0.326305     0.324512     0.322639     0.320824     0.319099     0.317204
     0.315449     0.313667     0.311893     0.310223     0.308434     0.306778     0.305084     0.303211     0.301636     0.300087     0.298336     0.296654     0.295013     0.293453     0.291840     0.290253     0.288677     0.287056
     0.285515     0.283974     0.282433     0.280899     0.279366     0.277843     0.276382     0.274906     0.273422     0.271950     0.270546     0.269100     0.267578     0.266148     0.264801     0.263397     0.261971     0.260571
     0.259266     0.257980     0.256523     0.255146     0.253799     0.252518     0.251259     0.249901     0.248585     0.247288     0.246025     0.244823     0.243576     0.242279     0.241020     0.239708     0.238529     0.237366
     0.236160     0.234936     0.233715     0.232555     0.231335     0.230236     0.229088     0.227909     0.226768     0.225681     0.224514     0.223370     0.222252     0.221191     0.220097     0.218941     0.217911     0.216831
     0.215778     0.214687     0.213684     0.212688     0.211582     0.210548     0.209526     0.208412     0.207466     0.206585     0.205559     0.204479     0.203491     0.202587     0.201607     0.200611     0.199707     0.198761
     0.197750     0.196827     0.195873     0.195023     0.194115     0.193203     0.192272     0.191322     0.190502     0.189575     0.188663     0.187805     0.186951     0.186157     0.185238     0.184334     0.183571     0.182716
     0.181824     0.181015     0.180222     0.179375     0.178539     0.177811     0.176991     0.176144     0.175411     0.174614     0.173805     0.173031     0.172283     0.171436     0.170673     0.170006     0.169197     0.168468
     0.167812     0.167011     0.166206     0.165531     0.164818     0.164131     0.163395     0.162571     0.162018     0.161335     0.160526     0.159904     0.159206     0.158485     0.157837     0.157196     0.156498     0.155834
     0.155148     0.154526     0.153900     0.153202     0.152569     0.151909     0.151299     0.150669     0.150043     0.149456     0.148769     0.148140     0.147587     0.146973     0.146294     0.145794     0.145214     0.144516
     0.144001     0.143379     0.142799     0.142200     0.141640     0.141102     0.140499     0.139969     0.139381     0.138840     0.138298     0.137684     0.137150     0.136662     0.136131     0.135574     0.134987     0.134468
     0.133953     0.133472     0.132946     0.132374     0.131924     0.131416     0.130863     0.130363     0.129799     0.129295     0.128914     0.128399     0.127846     0.127399     0.126923     0.126434     0.125938     0.125519
     0.125015     0.124462     0.124035     0.123657     0.123196     0.122635     0.122150     0.121803     0.121315     0.120827     0.120384     0.119949     0.119560     0.119110     0.118690     0.118286     0.117874     0.117378
     0.116867     0.116486     0.116035     0.115677     0.115303     0.114861     0.114471     0.114014     0.113785     0.113266     0.112724     0.112434     0.112038     0.111649     0.111313     0.110825     0.110405     0.110100
     0.109726     0.109375     0.108940     0.108559     0.108192     0.107811     0.107391     0.107071     0.106812     0.106346     0.105888     0.105667     0.105347     0.104912     0.104530     0.104202     0.103775     0.103539
     0.103287     0.102821     0.102371     0.102081     0.101799     0.101448     0.101166     0.100876     0.100441     0.100143    0.0998383    0.0994186    0.0991592    0.0988998    0.0984726    0.0981674    0.0978622    0.0974655
    0.0973740    0.0970306    0.0965576    0.0963058    0.0959854    0.0957184    0.0954514    0.0950165    0.0947723    0.0945206    0.0941544    0.0939102    0.0936737    0.0932693    0.0931549    0.0927505    0.0923004    0.0921555
    0.0919113    0.0915909    0.0912628    0.0910339    0.0907364    0.0904922    0.0902252    0.0899124    0.0896988    0.0894699    0.0890808    0.0887604    0.0885696    0.0883636    0.0881195    0.0877762    0.0873947    0.0871582
    0.0869827    0.0867920    0.0864410    0.0862579    0.0860977    0.0857697    0.0854340    0.0852814    0.0849762    0.0846939    0.0844574    0.0842285    0.0839310    0.0836716    0.0835876    0.0832062    0.0829620    0.0828018
    0.0826263    0.0823669    0.0820465    0.0818176    0.0816193    0.0814285    0.0811615    0.0809174    0.0805969    0.0804214    0.0803375    0.0799484    0.0797577    0.0796204    0.0793610    0.0791321    0.0789719    0.0787354
    0.0784683    0.0782471    0.0780258    0.0778198    0.0776749    0.0774460    0.0771866    0.0770111    0.0767288    0.0765839    0.0762863    0.0761871    0.0761261    0.0758438    0.0754929    0.0753098    0.0751266    0.0749741
    0.0747757    0.0745392    0.0743713    0.0741577    0.0739288    0.0737381    0.0735931    0.0734329    0.0732117    0.0730591    0.0728989    0.0725937    0.0723953    0.0722275    0.0721054    0.0718994    0.0716934    0.0714645
    0.0713730    0.0712280    0.0709610    0.0708008    0.0705795    0.0703125    0.0703049    0.0701218    0.0699768    0.0697327    0.0694656    0.0694351    0.0692825    0.0689316    0.0688171    0.0688248    0.0685272    0.0683594
    0.0682220    0.0679779    0.0678101    0.0677490    0.0675125    0.0673752    0.0671997    0.0669327    0.0669403    0.0667953    0.0664902    0.0663452    0.0661850    0.0661011    0.0659866    0.0658112    0.0655899    0.0653381
    0.0651855    0.0652618    0.0650635    0.0648117    0.0646210    0.0644913    0.0644379    0.0642166    0.0640335    0.0639343    0.0638199    0.0635529    0.0634689    0.0633011    0.0630798    0.0630035    0.0629501    0.0628204
    0.0625458    0.0624695    0.0624084    0.0621414    0.0620270    0.0617828    0.0617447    0.0616608    0.0614395    0.0614548    0.0612335    0.0610046    0.0608749    0.0607758    0.0606842    0.0605469    0.0603714    0.0601425
    0.0600357    0.0600662    0.0599136    0.0596924    0.0595627    0.0594635    0.0593491    0.0592651    0.0590668    0.0589447    0.0587540    0.0585632    0.0585251    0.0584488    0.0583420    0.0581970    0.0580750    0.0579987
    0.0578918    0.0576096    0.0574722    0.0575409    0.0573120    0.0571060    0.0570908    0.0569687    0.0568695    0.0566101    0.0566254    0.0565262    0.0562515    0.0561447    0.0561676    0.0560303    0.0558624    0.0558395
    0.0556870    0.0555115    0.0554047    0.0552902    0.0551605    0.0551682    0.0550003    0.0548096    0.0548553    0.0546265    0.0544434    0.0543594    0.0542755    0.0542984    0.0539932    0.0538712    0.0539398    0.0538101
    0.0536804    0.0535812    0.0533981    0.0532913    0.0531998    0.0531693    0.0530014    0.0529633    0.0528412    0.0527039    0.0526276    0.0524597    0.0524445    0.0522079    0.0520096    0.0521164    0.0520096    0.0517960
    0.0517807    0.0517578    0.0516586    0.0514374    0.0513916    0.0512619    0.0510941    0.0510941    0.0509796    0.0509491    0.0509033    0.0506439    0.0506516    0.0504684    0.0503845    0.0503616    0.0501251    0.0500488
    0.0500717    0.0499268    0.0498123    0.0498047    0.0497131    0.0495987    0.0493393    0.0492783    0.0493240    0.0492096    0.0491409    0.0490265    0.0489349    0.0488968    0.0486679    0.0486450    0.0486145    0.0483932
    0.0482635    0.0483246    0.0482635    0.0481339    0.0479813    0.0479584    0.0479736    0.0478363    0.0476303    0.0474930    0.0475540    0.0474472    0.0473099    0.0472641    0.0471268    0.0471344    0.0471573    0.0468140
    0.0467911    0.0468369    0.0466995    0.0465088    0.0463715    0.0464172    0.0463715    0.0462952    0.0463181    0.0461197    0.0459518    0.0458755    0.0457535    0.0457458    0.0457077    0.0456696    0.0456009    0.0454788
    0.0454559    0.0453720    0.0451584    0.0451508    0.0450668    0.0449448    0.0448456    0.0448303    0.0448456    0.0446701    0.0445023    0.0446396    0.0444641    0.0443420    0.0443039    0.0442963    0.0442276    0.0439911
    0.0440216    0.0440063    0.0438461    0.0438004    0.0437775    0.0437164    0.0435791    0.0434875    0.0434723    0.0432281    0.0431900    0.0432510    0.0431900    0.0431290    0.0430908    0.0428772    0.0428162    0.0428238
    0.0427246    0.0425873    0.0426025    0.0425110    0.0425339    0.0423660    0.0421829    0.0423431    0.0423203    0.0421219    0.0420532    0.0420380    0.0418091    0.0417938    0.0418015    0.0416641    0.0415802    0.0415802
    0.0415039    0.0414352    0.0414200    0.0412903    0.0412369    0.0411072    0.0411224    0.0410843    0.0409088    0.0408936    0.0409241    0.0408401    0.0407028    0.0406418    0.0406876    0.0405350    0.0404892    0.0404434
    0.0403366    0.0402985    0.0401840    0.0401382    0.0400009    0.0399933    0.0400391    0.0398941    0.0397339    0.0398407    0.0398254    0.0396881    0.0395889    0.0396423    0.0395126    0.0394135    0.0393372    0.0392456
    0.0392609    0.0391693    0.0391235    0.0391769    0.0390778    0.0389557    0.0388565    0.0387955    0.0388489    0.0387268    0.0386734    0.0386276    0.0385284    0.0384903    0.0384064    0.0383530    0.0383377    0.0382767
    0.0382004    0.0382156    0.0380936    0.0380096    0.0381012    0.0378571    0.0378189    0.0378647    0.0376892    0.0377655    0.0377579    0.0375443    0.0374908    0.0375748    0.0375595    0.0373306    0.0373001    0.0373383
    0.0371933    0.0371323    0.0371094    0.0370789    0.0369644    0.0370560    0.0369873    0.0366287    0.0367203    0.0368958    0.0367432    0.0366364    0.0366058    0.0364456    0.0364609    0.0364456    0.0363541    0.0364609
    0.0363312    0.0362244    0.0362320    0.0361099    0.0360718    0.0360870    0.0360107    0.0359192    0.0359573    0.0357895    0.0356522    0.0357590    0.0356598    0.0355606    0.0355911    0.0356522    0.0355682    0.0354767
    0.0353851    0.0351181    0.0352020    0.0352707    0.0352249    0.0352325    0.0351639    0.0350418    0.0349884    0.0349121    0.0348053    0.0349503    0.0349197    0.0347214    0.0346832    0.0346909    0.0346603    0.0346069
    0.0345535    0.0344849    0.0344620    0.0343933    0.0343246    0.0343018    0.0342941    0.0342102    0.0340652    0.0341187    0.0341110    0.0339813    0.0339127    0.0339966    0.0339508    0.0339584    0.0338135    0.0336227
    0.0337906    0.0336838    0.0335541    0.0335693    0.0335693    0.0335236    0.0334702    0.0334396    0.0335007    0.0333557    0.0332413    0.0332336    0.0331421    0.0331116    0.0331345    0.0331802    0.0330582    0.0328598
    0.0328598    0.0329895    0.0328217    0.0327454    0.0328979    0.0327225    0.0325851    0.0326691    0.0325470    0.0326157    0.0326004    0.0324783    0.0325012    0.0323868    0.0322571    0.0322113    0.0322800    0.0323715
    0.0322037    0.0320969    0.0321732    0.0321655    0.0320435    0.0319824    0.0319901    0.0318909    0.0319366    0.0318604    0.0316925    0.0316925    0.0316238    0.0315933    0.0317078    0.0316772    0.0315475    0.0315399
    0.0314713    0.0314865    0.0314178    0.0313339    0.0313721    0.0311661    0.0312424    0.0312881    0.0312042    0.0311432    0.0310745    0.0310059    0.0310059    0.0310135    0.0309753    0.0309830    0.0309067    0.0308685
    0.0307999    0.0307159    0.0307693    0.0306244    0.0305862    0.0305862    0.0305023    0.0305939    0.0305481    0.0304642    0.0303955    0.0303345    0.0304337    0.0304489    0.0302200    0.0301666    0.0302429    0.0301819
    0.0300674    0.0301361    0.0301208    0.0299911    0.0299301    0.0299835    0.0299530    0.0297928    0.0299835    0.0299835    0.0297012    0.0297928    0.0297928    0.0296936    0.0296631    0.0295639    0.0294647    0.0295258
    0.0295944    0.0294418    0.0294647    0.0294189    0.0293427    0.0293045    0.0293121    0.0293732    0.0291901    0.0292053    0.0292358    0.0290070    0.0290833    0.0291214    0.0290146    0.0290375    0.0290146    0.0289001
    0.0288010    0.0288849    0.0289688    0.0288544    0.0287018    0.0286865    0.0287933    0.0288086    0.0287399    0.0285034    0.0283966    0.0286255    0.0285492    0.0284271    0.0285187    0.0284805    0.0282211    0.0283356
    0.0283966    0.0283356    0.0283051    0.0281754    0.0281296    0.0282364    0.0281906    0.0280380    0.0279922    0.0281219    0.0280304    0.0278397    0.0279465    0.0279160    0.0279617    0.0279007    0.0278473    0.0278397
    0.0277176    0.0277405    0.0276718    0.0276260    0.0277100    0.0276642    0.0276031    0.0275650    0.0275726    0.0274734    0.0273666    0.0275040    0.0275040    0.0272903    0.0273285    0.0272675    0.0271759    0.0272980
    0.0272980    0.0272751    0.0271988    0.0270538    0.0270462    0.0271912    0.0270615    0.0269852    0.0270386    0.0269241    0.0268250    0.0268173    0.0269241    0.0269318    0.0267944    0.0268631    0.0267792    0.0267868
    0.0266647    0.0266113    0.0268021    0.0266418    0.0265732    0.0265427    0.0264893    0.0265656    0.0265732    0.0264969    0.0264282    0.0262909    0.0263062    0.0263290    0.0263519    0.0262833    0.0261917    0.0262833
    0.0262985    0.0262375    0.0260696    0.0260391    0.0261993    0.0261688    0.0259476    0.0258560    0.0260086    0.0259933    0.0259399    0.0260010    0.0258789    0.0258331    0.0258026    0.0258560    0.0258484    0.0257950
    0.0257111    0.0256500    0.0256195    0.0256271    0.0256424    0.0256119    0.0255280    0.0255508    0.0255890    0.0254593    0.0254135    0.0254364    0.0253754    0.0254517    0.0254822    0.0252838    0.0252151    0.0253143
    0.0253601    0.0251999    0.0251236    0.0250626    0.0252075    0.0251770    0.0251007    0.0252151    0.0251160    0.0249710    0.0248489    0.0249023    0.0250549    0.0249481    0.0248642    0.0249710    0.0248871    0.0247803
    0.0248642    0.0248260    0.0247803    0.0247498    0.0246582    0.0246353    0.0246735    0.0246811    0.0245895    0.0244827    0.0245667    0.0246658    0.0244904    0.0244980    0.0244980    0.0244522    0.0244675    0.0244446
    0.0243149    0.0243301    0.0243454    0.0242004    0.0243073    0.0243301    0.0241623    0.0240936    0.0242004    0.0242920    0.0242004    0.0240479    0.0240860    0.0241623    0.0240326    0.0239105    0.0240250    0.0240097
    0.0239410    0.0238876    0.0238876    0.0239716    0.0238266    0.0238419    0.0239029    0.0237122    0.0236969    0.0237503    0.0237350    0.0236664    0.0236740    0.0236130    0.0236511    0.0237808    0.0236206    0.0234985
    0.0235748    0.0235138    0.0234528    0.0234528    0.0234375    0.0234985    0.0233536    0.0233536    0.0232925    0.0233154    0.0234375    0.0233459    0.0232239    0.0231857    0.0232697    0.0232697    0.0232086    0.0231934
    0.0231094    0.0231476    0.0231857    0.0230637    0.0229721    0.0230484    0.0231781    0.0230942    0.0228806    0.0228958    0.0229797    0.0229416    0.0228500    0.0228271    0.0229340    0.0228043    0.0227127    0.0228882
    0.0228271    0.0226517    0.0228043    0.0227509    0.0227203    0.0227737    0.0225830    0.0224228    0.0226135    0.0226135    0.0225525    0.0225601    0.0225525    0.0225067    0.0224380    0.0225296    0.0224686    0.0224075
    0.0223541    0.0223083    0.0223694    0.0223694    0.0222321    0.0222626    0.0223389    0.0223312    0.0222321    0.0222626    0.0221558    0.0221024    0.0221786    0.0222321    0.0221252    0.0219955    0.0221024    0.0221481
    0.0221405    0.0219650    0.0218506    0.0219803    0.0220184    0.0219269    0.0219116    0.0219955    0.0219803    0.0218735    0.0217972    0.0217590    0.0217361    0.0217743    0.0217743    0.0218048    0.0217896    0.0216293
    0.0216675    0.0216675    0.0217133    0.0216370    0.0215836    0.0215912    0.0215988    0.0215225    0.0215530    0.0215607    0.0215073    0.0214157    0.0214767    0.0215454    0.0213547    0.0213242    0.0213699    0.0213089
    0.0213776    0.0215073    0.0213470    0.0212784    0.0213318    0.0212860    0.0211487    0.0212784    0.0212326    0.0211182    0.0212402    0.0211868    0.0211868    0.0211563    0.0210114    0.0210190    0.0209579    0.0211105
    0.0211182    0.0209732    0.0210419    0.0209198    0.0208969    0.0209808    0.0210800    0.0209274    0.0207825    0.0208206    0.0208664    0.0208359    0.0207901    0.0207672    0.0208054    0.0207825    0.0207748    0.0207825
    0.0206528    0.0205536    0.0206146    0.0207672    0.0207062    0.0206451    0.0205994    0.0204620    0.0204926    0.0206299    0.0206070    0.0205841    0.0205307    0.0204544    0.0203705    0.0205612    0.0205765    0.0203705
    0.0203400    0.0203857    0.0203552    0.0202179    0.0202866    0.0203705    0.0202560    0.0203247    0.0203781    0.0202332    0.0202179    0.0202026    0.0201416    0.0201645    0.0201797    0.0201035    0.0201874    0.0201797
    0.0200424    0.0201340    0.0201111    0.0200500    0.0200653    0.0200195    0.0200195    0.0199432    0.0199890    0.0199814    0.0198975    0.0198517    0.0198364    0.0198288    0.0200272    0.0199280    0.0197525    0.0197830
    0.0198669    0.0198593    0.0196609    0.0197296    0.0198364    0.0197601    0.0196991    0.0196609    0.0196609    0.0197220    0.0196991    0.0195541    0.0195694    0.0196609    0.0195389    0.0196762    0.0195923    0.0195160
    0.0195541    0.0194778    0.0194321    0.0193863    0.0193558    0.0195312    0.0196457    0.0194855    0.0193024    0.0193100    0.0194473    0.0194016    0.0193253    0.0192490    0.0192719    0.0192947    0.0192719    0.0192413
    0.0192871    0.0192337    0.0191269    0.0192413    0.0191879    0.0191498    0.0192566    0.0191498    0.0191193    0.0190506    0.0190506    0.0191422    0.0190887    0.0190811    0.0190506    0.0190811    0.0190659    0.0188828
    0.0188446    0.0190048    0.0189819    0.0189133    0.0188828    0.0189667    0.0189819    0.0188293    0.0187683    0.0187759    0.0188904    0.0189362    0.0188599    0.0188446    0.0186768    0.0186310    0.0187988    0.0187683
    0.0186310    0.0187607    0.0187988    0.0186234    0.0185852    0.0186844    0.0186386    0.0186157    0.0185471    0.0185394    0.0186615    0.0186157    0.0184860    0.0184479    0.0185699    0.0186157    0.0184860    0.0183716
    0.0184097    0.0184937    0.0185623    0.0184326    0.0183868    0.0183716    0.0183411    0.0183182    0.0183792    0.0184326    0.0182877    0.0182648    0.0183258    0.0182877    0.0182800    0.0182648    0.0181961    0.0182648
    0.0182190    0.0180969    0.0181427    0.0182190    0.0181503    0.0181808    0.0181046    0.0181656    0.0181351    0.0179749    0.0180588    0.0180893    0.0180817    0.0181961    0.0180740    0.0179520    0.0179138    0.0180206
    0.0178909    0.0178070    0.0180664    0.0179672    0.0177765    0.0179520    0.0179291    0.0178757    0.0179443    0.0179062    0.0177917    0.0177231    0.0178909    0.0178299    0.0177994    0.0177917    0.0176620    0.0176773
    0.0177078    0.0177612    0.0179138    0.0177612    0.0176163    0.0176544    0.0175705    0.0176239    0.0176849    0.0175552    0.0176544    0.0176468    0.0174332    0.0175629    0.0176163    0.0174637    0.0175247    0.0175629
    0.0174942    0.0174255    0.0175171    0.0175400    0.0174332    0.0174408    0.0174179    0.0174789    0.0173035    0.0173340    0.0173950    0.0173874    0.0174026    0.0172729    0.0174103    0.0173187    0.0172348    0.0173492
    0.0173264    0.0172577    0.0172195    0.0172272    0.0172501    0.0172348    0.0172577    0.0171509    0.0170441    0.0171738    0.0172577    0.0171051    0.0170670    0.0171127    0.0172119    0.0171814    0.0170517    0.0170593
    0.0170746    0.0170059    0.0170822    0.0170441    0.0170288    0.0170059    0.0169296    0.0169678    0.0169525    0.0168762    0.0169220    0.0170059    0.0168457    0.0168686    0.0169601    0.0168610    0.0168686    0.0168991
    0.0168152    0.0168076    0.0167160    0.0168457    0.0169525    0.0167542    0.0167084    0.0167923    0.0167770    0.0167236    0.0167084    0.0167389    0.0166321    0.0165634    0.0166931    0.0168381    0.0167007    0.0166245
    0.0165863    0.0166473    0.0166779    0.0166016    0.0166016    0.0164871    0.0165482    0.0166168    0.0165710    0.0165329    0.0165329    0.0165558    0.0165787    0.0165024    0.0164795    0.0164642    0.0164566    0.0164795
    0.0164337    0.0163422    0.0163345    0.0164490    0.0163422    0.0162659    0.0164108    0.0163498    0.0163116    0.0164032    0.0162888    0.0162277    0.0163727    0.0163422    0.0162506    0.0162201    0.0162277    0.0163803
    0.0162201    0.0161591    0.0162354    0.0162048    0.0161972    0.0162125    0.0160675    0.0159836    0.0162125    0.0161819    0.0161133    0.0161972    0.0161133    0.0160370    0.0161133    0.0160904    0.0160141    0.0160217
    0.0160294    0.0161285    0.0160217    0.0159225    0.0159836    0.0160751    0.0159988    0.0159225    0.0160294    0.0158844    0.0158539    0.0159378    0.0159454    0.0158920    0.0158920    0.0159454    0.0158768    0.0158768
    0.0158463    0.0157776    0.0158310    0.0158768    0.0157928    0.0157166    0.0157089    0.0157852    0.0158386    0.0158310    0.0156784    0.0156479    0.0157547    0.0157089    0.0155869    0.0157928    0.0158310    0.0156326
    0.0155716    0.0155792    0.0156326    0.0156250    0.0155716    0.0156250    0.0156937    0.0155258    0.0156021    0.0156631    0.0155334    0.0154572    0.0155029    0.0156479    0.0155640    0.0154114    0.0155106    0.0154953
    0.0154114    0.0154419    0.0154648    0.0155182    0.0154953    0.0154114    0.0154800    0.0153656    0.0152969    0.0153732    0.0153961    0.0154800    0.0154266    0.0153809    0.0153046    0.0153046    0.0153580    0.0152664
    0.0152512    0.0153275    0.0153809    0.0152893    0.0152130    0.0151901    0.0152435    0.0152664    0.0151901    0.0152054    0.0151749    0.0152130    0.0152817    0.0151749    0.0151062    0.0151672    0.0151138    0.0150757
    0.0151443    0.0152130    0.0150681    0.0149384    0.0151825    0.0151520    0.0149994    0.0151138    0.0150757    0.0149841    0.0149994    0.0149307    0.0150375    0.0150452    0.0149994    0.0150604    0.0149002    0.0149155
    0.0149612    0.0148544    0.0149841    0.0150375    0.0149689    0.0148849    0.0147781    0.0149384    0.0149460    0.0148315    0.0149078    0.0148773    0.0149231    0.0148773    0.0147400    0.0148392    0.0148010    0.0148239
    0.0147552    0.0147552    0.0148392    0.0147934    0.0147705    0.0147552    0.0146561    0.0146790    0.0147018    0.0146408    0.0147552    0.0147781    0.0146561    0.0146561    0.0147476    0.0147095    0.0145798    0.0145416
    0.0146179    0.0146866    0.0144806    0.0145111    0.0146866    0.0146790    0.0145493    0.0145416    0.0145569    0.0144501    0.0145569    0.0145721    0.0145874    0.0144653    0.0144653    0.0145264    0.0144043    0.0144348
    0.0145035    0.0144119    0.0143967    0.0145416    0.0143661    0.0143585    0.0145264    0.0144196    0.0143433    0.0144119    0.0143890    0.0143585    0.0143967    0.0143127    0.0143356    0.0143890    0.0142517    0.0143051
    0.0144424    0.0142899    0.0142136    0.0142670    0.0142822    0.0143280    0.0143280    0.0142822    0.0142212    0.0141525    0.0141830    0.0142365    0.0142517    0.0142441    0.0142136    0.0141754    0.0142822    0.0142136
    0.0140533    0.0140991    0.0141678    0.0141830    0.0141068    0.0140305    0.0140457    0.0140915    0.0141373    0.0140991    0.0141144    0.0141068    0.0140991    0.0139923    0.0139542    0.0140305    0.0139465    0.0140457
    0.0140610    0.0139999    0.0139999    0.0139847    0.0139771    0.0139618    0.0139160    0.0139465    0.0139084    0.0139389    0.0139084    0.0137787    0.0138626    0.0139999    0.0139542    0.0138550    0.0138016    0.0139008
    0.0138702    0.0136108
k_HCO_dn
     0.187619
k_HCO_up
    0.0180296
       10656628.       10239725.       9708883.7       9087595.6       8398049.1       7662983.6       6896895.6       6124383.1       5355009.7       4603009.3
       11004836.       10796983.       10451776.       9990752.3       9435784.0       8807647.4       8125023.7       7409734.1       6675458.7       5937843.7
       11033269.       11047086.       10909844.       10636695.       10246857.       9760359.1       9196552.3       8572209.9       7907773.7       7218082.1
       10748382.       10982035.       11060413.       10992330.       10791497.       10473552.       10055484.       9551878.0       8995621.3       8387072.1
       10182269.       10616252.       10903233.       11043704.       11043151.       10912749.       10666351.       10319785.       9889572.2       9392165.9
       9394806.3       9988326.6       10459212.       10796399.       10995469.       11060465.       10999114.       10824053.       10548653.       10187993.
       8468604.7       9162060.4       9773400.4       10278402.       10661411.       10915585.       11042610.       11048804.       10943659.       10739152.
       7503885.3       8224395.4       8916101.1       9542168.1       10074701.       10497717.       10802297.       10988612.       11059342.       11022439.
       6611219.8       7276404.2       7974268.6       8658496.7       9292046.6       9847056.2       10305349.       10656651.       10897429.       11029465.
       5893836.5       6425726.4       7050493.9       7720377.6       8391422.3       9026779.4       9598172.9       10085869.       10477584.       10768680.
       5424704.5       5766619.2       6247054.4       6827571.7       7464773.2       8116872.1       8747821.8       9329236.5       9839981.9       10266800.
       5223869.7       5360597.0       5649742.8       6076939.0       6610035.2       7209731.3       7837188.6       8435786.2       9042096.7       9569428.2
?2
           0
     0.886209     0.886209     0.886209     0.886209     0.886209     0.886209     0.886209     0.886209     0.886209     0.886209
?2
           0
     0.886209     0.886209     0.886209     0.886209     0.886209     0.886209     0.886209     0.886209     0.886209     0.886209
?2
           0
     0.886209     0.886209     0.886209     0.886209     0.886209     0.886209     0.886209     0.886209     0.886209     0.886209
?22
           0
     0.886209     0.886209     0.886209     0.886209     0.886209     0.886209     0.886209     0.886209     0.886209     0.886209
?2
           0
     0.886209     0.886209     0.886209     0.886209     0.886209     0.886209     0.886209     0.886209     0.886209     0.886209
?2
           0
     0.886209     0.886209     0.886209     0.886209     0.886209     0.886209     0.886209     0.886209     0.886209     0.886209
?2
           0
     0.886209     0.886209     0.886209     0.886209     0.886209     0.886209     0.886209     0.886209     0.886209     0.886209
?2
           0
     0.886209     0.886209     0.886209     0.886209     0.886209     0.886209     0.886209     0.886209     0.886209     0.886209
?2
           0
     0.886209     0.886209     0.886209     0.886209     0.886209     0.886209     0.886209     0.886209     0.886209     0.886209
?2
           0
     0.886209     0.886209     0.886209     0.886209     0.886209     0.886209     0.886209     0.886209     0.886209     0.886209
?2
           0
     0.886209     0.886209     0.886209     0.886209     0.886209     0.886209     0.886209     0.886209     0.886209     0.886209
?2
           0
     0.886209     0.886209     0.886209     0.886209     0.886209     0.886209     0.886209     0.886209     0.886209     0.886209
?2
dwdn slice j
  3.45287e-20  7.13370e-20  7.83091e-20  6.48905e-20  4.34136e-20  2.51130e-20  1.34399e-20  6.66134e-21  3.14996e-21  1.42901e-21
  8.02033e-20  3.53443e-20  1.86741e-21  8.83735e-21  3.86642e-20  5.15169e-20  4.63549e-20  3.59793e-20  2.21658e-20  1.31083e-20
  7.91690e-20  5.39020e-22  2.62137e-20  3.01502e-20  8.27394e-21  7.63591e-22  1.75632e-20  3.26382e-20  3.81891e-20  3.43769e-20
  5.33125e-20  2.24639e-20  2.94092e-20  1.71016e-22  1.96005e-20  2.64117e-20  9.19903e-21  1.23521e-22  7.04960e-21  2.09298e-20
  2.31560e-20  4.41051e-20  8.59260e-22  2.67823e-20  1.34022e-20  1.64044e-22  1.39077e-20  2.06942e-20  1.16422e-20  7.78483e-22
  6.09808e-21  4.16067e-20  1.65553e-20  2.06198e-20  3.06406e-21  2.52385e-20  9.79204e-21  6.34082e-22  1.36376e-20  2.03268e-20
  1.41824e-21  1.87070e-20  2.22409e-20  2.57725e-22  2.34068e-20  4.05832e-21  1.27255e-20  2.07163e-20  5.55812e-21  7.97676e-22
  4.13948e-22  6.26542e-21  2.60765e-20  1.51587e-20  8.60979e-21  1.00338e-20  1.87871e-20      0.00000  1.07778e-20  1.51976e-20
      0.00000  2.15034e-21  1.22726e-20  2.40811e-20  1.24106e-21  1.85629e-20      0.00000  1.73453e-20  7.53815e-21  6.27874e-22
      0.00000  5.03837e-21  4.91992e-21  1.71791e-20  1.65105e-20  2.26938e-21  1.29497e-20  5.63740e-21  4.03389e-21  1.34871e-20
      0.00000  1.18558e-21  9.94987e-21  2.32839e-20  1.83323e-20  4.12390e-21  1.05133e-20  3.39155e-21  1.21664e-20  2.06449e-22
      0.00000      0.00000      0.00000  2.72462e-21  1.35913e-20  1.52253e-20      0.00000  1.53257e-20  2.08908e-22  9.64335e-21
fXA
    0.0163506    0.0353466    0.0405161    0.0349891    0.0243517    0.0146277   0.00811723   0.00416437   0.00203541  0.000953066
    0.0355098    0.0163975  0.000905977   0.00447429    0.0203889    0.0282444    0.0263794    0.0212155    0.0135227   0.00826149
    0.0327215  0.000233824    0.0119083    0.0143142   0.00409692  0.000393578   0.00940634    0.0181341    0.0219751    0.0204555
    0.0205375   0.00909875    0.0124944  7.60403e-05   0.00910152    0.0127835   0.00463256  6.46240e-05   0.00382241    0.0117470
   0.00830039    0.0166543  0.000340892    0.0111381   0.00582966  7.44740e-05   0.00657729    0.0101761   0.00594211  0.000411711
   0.00203066    0.0146227   0.00612394   0.00800869   0.00124658    0.0107331   0.00434410  0.000292839   0.00654489    0.0101193
  0.000437956   0.00610877   0.00765860  9.33477e-05   0.00889604   0.00161464   0.00528834   0.00897491   0.00250531  0.000373408
  0.000118304   0.00189769   0.00834572   0.00511260   0.00305208   0.00372949   0.00730458      0.00000   0.00455751   0.00668225
      0.00000  0.000602925   0.00364392   0.00754939  0.000409687   0.00643605      0.00000   0.00658768   0.00298670  0.000259003
      0.00000   0.00130518   0.00135270   0.00499757   0.00506737  0.000732870   0.00438916   0.00200066   0.00149557   0.00521325
      0.00000  0.000283143   0.00252820   0.00627389   0.00522227   0.00123844   0.00331952   0.00112311   0.00421549  7.46800e-05
      0.00000      0.00000      0.00000  0.000678677   0.00358703   0.00424464      0.00000   0.00472030  6.75490e-05   0.00326022
?2
     -0.75279428       34.787617       0.0000000       0.0000000       0.0000000       0.0000000       0.0000000       0.0000000       0.0000000       0.0000000       0.0000000       22900000.       51800000.       62000000.
       55800000.       40400000.       25200000.       14500000.       7700000.0       3890000.0       1880000.0
     0.018029649      -35.526392       67.867619       0.0000000       0.0000000       0.0000000       0.0000000       0.0000000       0.0000000       0.0000000       0.0000000       46500000.       22500000.       1300000.0
       6700000.0       31800000.       45800000.       44400000.       37000000.       24400000.       15400000.
       0.0000000     0.018029649      -68.508267       98.587620       0.0000000       0.0000000       0.0000000       0.0000000       0.0000000       0.0000000       0.0000000       40000000.       300000.00       16000000.
       20100000.       6000000.0       600000.00       14900000.       29800000.       37400000.       36000000.
       0.0000000       0.0000000     0.018029649      -99.105395       127.17762       0.0000000       0.0000000       0.0000000       0.0000000       0.0000000       0.0000000       23400000.       10900000.       15700000.
       100000.00       12500000.       18300000.       6900000.0       100000.00       6130000.0       19500000.
       0.0000000       0.0000000       0.0000000     0.018029649      -127.62390       153.77762       0.0000000       0.0000000       0.0000000       0.0000000       0.0000000       8800000.0       18600000.       400000.00
       13700000.       7500000.0       100000.00       9200000.0       14800000.       8970000.0       644000.00
       0.0000000       0.0000000       0.0000000       0.0000000     0.018029649      -154.23200       178.49762       0.0000000       0.0000000       0.0000000       0.0000000       2000000.0       15200000.       6700000.0
       9200000.0       1500000.0       13500000.       5700000.0       400000.00       9290000.0       14900000.
       0.0000000       0.0000000       0.0000000       0.0000000       0.0000000     0.018029649      -178.82496       201.53763       0.0000000       0.0000000       0.0000000       400000.00       5900000.0       7800000.0
       100000.00       10000000.       1900000.0       6500000.0       11500000.       3340000.0       517000.00
       0.0000000       0.0000000       0.0000000       0.0000000       0.0000000       0.0000000     0.018029649      -201.86482       223.28763       0.0000000       0.0000000       100000.00       1700000.0       7900000.0
       5100000.0       3200000.0       4100000.0       8400000.0       0.0000000       5700000.0       8690000.0
       0.0000000       0.0000000       0.0000000       0.0000000       0.0000000       0.0000000       0.0000000     0.018029649      -223.53312       244.33761       0.0000000       0.0000000       500000.00       3200000.0
       7000000.0       400000.00       6600000.0       0.0000000       7400000.0       3500000.0       316000.00
       0.0000000       0.0000000       0.0000000       0.0000000       0.0000000       0.0000000       0.0000000       0.0000000       0.0000000      -244.36409       265.20999       0.0000000       1000000.0       1100000.0
       4300000.0       4600000.0       700000.00       4400000.0       2100000.0       1640000.0       5960000.0
       0.0000000       0.0000000       0.0000000       0.0000000       0.0000000       0.0000000       0.0000000       0.0000000       0.0000000       0.0000000      -265.40944       0.0000000       200000.00       1900000.0
       5000000.0       4400000.0       1100000.0       3100000.0       1100000.0       4320000.0       79900.000
     0.089877725      0.22296041      0.22837582      0.15518230     0.066194370     0.016687389    0.0036328845   0.00097664015       0.0000000       0.0000000       0.0000000  -1.4410000e+08       0.0000000       0.0000000
       0.0000000       0.0000000       0.0000000       0.0000000       0.0000000       0.0000000       0.0000000
      0.17442782     0.094172284    0.0015196394     0.065155387      0.12807700      0.11782913     0.050414052     0.015737882    0.0049667777     0.010691805    0.0023515031       0.0000000  -1.2860000e+08       0.0000000
       0.0000000       0.0000000       0.0000000       0.0000000       0.0000000       0.0000000       0.0000000
      0.17766568    0.0047100061     0.071320817     0.083881527    0.0025001306     0.047853932     0.062263053     0.069079153     0.030188436     0.011119504     0.020726468       0.0000000       0.0000000  -1.2400000e+08
       0.0000000       0.0000000       0.0000000       0.0000000       0.0000000       0.0000000       0.0000000
      0.13498449     0.020856850     0.078232430   0.00047386301     0.077092402     0.060042009   0.00073983998     0.041864861     0.062593520     0.041332219     0.051476583       0.0000000       0.0000000       0.0000000
  -1.2760000e+08       0.0000000       0.0000000       0.0000000       0.0000000       0.0000000       0.0000000
     0.081824325     0.084445104     0.020251637     0.052174069     0.037719276    0.0088782823     0.068039268     0.024487926    0.0033736734     0.042034987     0.043096341       0.0000000       0.0000000       0.0000000
       0.0000000  -1.2510000e+08       0.0000000       0.0000000       0.0000000       0.0000000       0.0000000
     0.042382706      0.10300250    0.0017448998     0.066833287   0.00044658108     0.071951032     0.011804770     0.029040001     0.052178703    0.0060591004     0.010266960       0.0000000       0.0000000       0.0000000
       0.0000000       0.0000000  -1.2140000e+08       0.0000000       0.0000000       0.0000000       0.0000000
     0.020048177     0.083920002     0.037098031     0.021909622     0.036258191     0.027179850     0.036639720     0.054706510       0.0000000     0.035885215     0.027510636       0.0000000       0.0000000       0.0000000
       0.0000000       0.0000000       0.0000000  -1.1800000e+08       0.0000000       0.0000000       0.0000000
    0.0086727552     0.058355853     0.063090391   0.00027417578     0.051189717    0.0016975526     0.058451716       0.0000000     0.050414536     0.016042568    0.0092419405       0.0000000       0.0000000       0.0000000
       0.0000000       0.0000000       0.0000000       0.0000000  -1.1620000e+08       0.0000000       0.0000000
    0.0035271181     0.031842340     0.066915587     0.014475646     0.027088938     0.034904499     0.015228312     0.030810002     0.021935849     0.011667317     0.034185536       0.0000000       0.0000000       0.0000000
       0.0000000       0.0000000       0.0000000       0.0000000       0.0000000  -1.0864460e+08       0.0000000
       1.0000000       1.0000000       1.0000000       1.0000000       1.0000000       1.0000000       1.0000000       1.0000000       1.0000000       1.0000000       1.0000000       1.0000000       1.0000000       1.0000000
       1.0000000       1.0000000       1.0000000       1.0000000       1.0000000       1.0000000       1.0000000
?2
          10
     0.886209     0.886209     0.886209     0.886209     0.886209     0.886209     0.886209     0.886209     0.886209     0.886209
?
% Interrupt encountered.

?3
% Interrupted at: $MAIN$            405 /home/jfarmer/src/CO/COsynbig.pro
IDL> print,Nv(*,0,0)
     0.975313    0.0134144   0.00501849   0.00265158   0.00152383  0.000916647  0.000519706  0.000318921  0.000178680  9.87715e-05  4.59574e-05  6.40706e-10  1.33672e-09  1.40349e-09  1.03863e-09  6.49821e-10  3.54172e-10  1.78345e-10
  8.33026e-11  3.99380e-11  5.68677e-11
IDL> print,g(*,*,0,0)
    0.0898777     0.174428     0.177666     0.134984    0.0818243    0.0423827    0.0200482   0.00867276   0.00352712   0.00135383
     0.222960    0.0941723   0.00471001    0.0208568    0.0844451     0.103003    0.0839200    0.0583559    0.0318423    0.0164797
     0.228376   0.00151964    0.0713208    0.0782324    0.0202516   0.00174490    0.0370980    0.0630904    0.0669156    0.0540688
     0.155182    0.0651554    0.0838815  0.000473863    0.0521741    0.0668333    0.0219096  0.000274176    0.0144756    0.0393846
    0.0661944     0.128077   0.00250013    0.0770924    0.0377193  0.000446581    0.0362582    0.0511897    0.0270889   0.00168994
    0.0166874     0.117829    0.0478539    0.0600420   0.00887828    0.0719510    0.0271799   0.00169755    0.0349045    0.0493339
   0.00363288    0.0504141    0.0622631  0.000739840    0.0680393    0.0118048    0.0366397    0.0584517    0.0152283   0.00210449
  0.000976640    0.0157379    0.0690792    0.0418649    0.0244879    0.0290400    0.0547065      0.00000    0.0308100    0.0424627
      0.00000   0.00496678    0.0301884    0.0625935   0.00337367    0.0521787      0.00000    0.0504145    0.0219358   0.00181234
      0.00000    0.0106918    0.0111195    0.0413322    0.0420350   0.00605910    0.0358852    0.0160426    0.0116673    0.0392659
      0.00000   0.00235150    0.0207265    0.0514766    0.0430963    0.0102670    0.0275106   0.00924194    0.0341855  0.000592353
      0.00000      0.00000      0.00000   0.00557624    0.0293938    0.0349441      0.00000    0.0391561  0.000558370    0.0266767

