      4.00000      59.0000      5.00000      60.0000      92.5000      15977.5
      2190.74
      4.00000      58.0000      5.00000      59.0000      92.2000      15763.9
      2189.39
      4.00000      57.0000      5.00000      58.0000      92.0000      15553.8
      2188.00
      4.00000      56.0000      5.00000      57.0000      91.8000      15347.1
      2186.57
      4.00000      55.0000      5.00000      56.0000      91.6000      15143.9
      2185.09
      4.00000      54.0000      5.00000      55.0000      91.3000      14944.2
      2183.57
      4.00000      53.0000      5.00000      54.0000      91.1000      14748.0
      2182.01
      4.00000      52.0000      5.00000      53.0000      90.8000      14555.2
      2180.40
      4.00000      51.0000      5.00000      52.0000      90.6000      14366.0
      2178.76
      4.00000      50.0000      5.00000      51.0000      90.3000      14180.3
      2177.06
      4.00000      49.0000      5.00000      50.0000      90.0000      13998.1
      2175.33
      4.00000      48.0000      5.00000      49.0000      89.8000      13819.4
      2173.56
      4.00000      47.0000      5.00000      48.0000      89.5000      13644.3
      2171.74
      4.00000      46.0000      5.00000      47.0000      89.2000      13472.7
      2169.88
      4.00000      45.0000      5.00000      46.0000      88.9000      13304.6
      2167.98
      4.00000      44.0000      5.00000      45.0000      88.7000      13140.1
      2166.03
      4.00000      43.0000      5.00000      44.0000      88.4000      12979.2
      2164.05
      4.00000      42.0000      5.00000      43.0000      88.1000      12821.8
      2162.02
      4.00000      41.0000      5.00000      42.0000      87.8000      12668.0
      2159.95
      4.00000      40.0000      5.00000      41.0000      87.4000      12517.8
      2157.84
      4.00000      39.0000      5.00000      40.0000      87.1000      12371.1
      2155.69
      4.00000      38.0000      5.00000      39.0000      86.8000      12228.1
      2153.50
      4.00000      37.0000      5.00000      38.0000      86.5000      12088.6
      2151.27
      4.00000      36.0000      5.00000      37.0000      86.2000      11952.8
      2149.00
      4.00000      35.0000      5.00000      36.0000      85.8000      11820.5
      2146.69
      4.00000      34.0000      5.00000      35.0000      85.5000      11691.9
      2144.33
      4.00000      33.0000      5.00000      34.0000      85.1000      11566.9
      2141.94
      4.00000      32.0000      5.00000      33.0000      84.8000      11445.5
      2139.51
      4.00000      31.0000      5.00000      32.0000      84.4000      11327.7
      2137.04
      4.00000      30.0000      5.00000      31.0000      84.1000      11213.6
      2134.52
      4.00000      29.0000      5.00000      30.0000      83.7000      11103.1
      2131.97
      4.00000      28.0000      5.00000      29.0000      83.3000      10996.3
      2129.38
      4.00000      27.0000      5.00000      28.0000      82.9000      10893.1
      2126.75
      4.00000      26.0000      5.00000      27.0000      82.6000      10793.5
      2124.08
      4.00000      25.0000      5.00000      26.0000      82.2000      10697.6
      2121.37
      4.00000      24.0000      5.00000      25.0000      81.8000      10605.4
      2118.62
      4.00000      23.0000      5.00000      24.0000      81.4000      10516.8
      2115.84
      4.00000      22.0000      5.00000      23.0000      81.0000      10431.9
      2113.01
      4.00000      21.0000      5.00000      22.0000      80.5000      10350.6
      2110.15
      4.00000      20.0000      5.00000      21.0000      80.1000      10273.0
      2107.25
      4.00000      19.0000      5.00000      20.0000      79.7000      10199.1
      2104.31
      4.00000      18.0000      5.00000      19.0000      79.2000      10128.9
      2101.33
      4.00000      17.0000      5.00000      18.0000      78.7000      10062.3
      2098.32
      4.00000      16.0000      5.00000      17.0000      78.3000      9999.49
      2095.26
      4.00000      15.0000      5.00000      16.0000      77.8000      9940.31
      2092.17
      4.00000      14.0000      5.00000      15.0000      77.2000      9884.82
      2089.05
      4.00000      13.0000      5.00000      14.0000      76.7000      9833.01
      2085.88
      4.00000      12.0000      5.00000      13.0000      76.1000      9784.90
      2082.68
      4.00000      11.0000      5.00000      12.0000      75.5000      9740.48
      2079.44
      4.00000      10.0000      5.00000      11.0000      74.9000      9699.76
      2076.17
      4.00000      9.00000      5.00000      10.0000      74.2000      9662.73
      2072.85
      4.00000      8.00000      5.00000      9.00000      73.5000      9629.40
      2069.51
      4.00000      7.00000      5.00000      8.00000      72.6000      9599.78
      2066.12
      4.00000      6.00000      5.00000      7.00000      71.7000      9573.85
      2062.70
      4.00000      5.00000      5.00000      6.00000      70.5000      9551.62
      2059.24
      4.00000      4.00000      5.00000      5.00000      69.1000      9533.10
      2055.75
      4.00000      3.00000      5.00000      4.00000      67.2000      9518.28
      2052.22
      4.00000      2.00000      5.00000      3.00000      64.5000      9507.17
      2048.66
      4.00000      1.00000      5.00000      2.00000      59.8000      9499.76
      2045.06
      4.00000      0.00000      5.00000      1.00000      49.6000      9496.05
      2041.42
      4.00000      1.00000      5.00000      0.00000      147.000      9499.76
      2034.05
      4.00000      2.00000      5.00000      1.00000      97.6000      9507.17
      2030.31
      4.00000      3.00000      5.00000      2.00000      87.4000      9518.28
      2026.53
      4.00000      4.00000      5.00000      3.00000      82.7000      9533.10
      2022.72
      4.00000      5.00000      5.00000      4.00000      80.0000      9551.62
      2018.88
      4.00000      6.00000      5.00000      5.00000      78.1000      9573.85
      2015.00
      4.00000      7.00000      5.00000      6.00000      76.6000      9599.78
      2011.09
      4.00000      8.00000      5.00000      7.00000      75.5000      9629.40
      2007.14
      4.00000      9.00000      5.00000      8.00000      74.5000      9662.73
      2003.17
      4.00000      10.0000      5.00000      9.00000      73.6000      9699.76
      1999.15
      4.00000      11.0000      5.00000      10.0000      72.8000      9740.48
      1995.10
      4.00000      12.0000      5.00000      11.0000      72.1000      9784.90
      1991.02
      4.00000      13.0000      5.00000      12.0000      71.4000      9833.01
      1986.91
      4.00000      14.0000      5.00000      13.0000      70.8000      9884.82
      1982.76
      4.00000      15.0000      5.00000      14.0000      70.2000      9940.31
      1978.58
      4.00000      16.0000      5.00000      15.0000      69.6000      9999.49
      1974.37
      4.00000      17.0000      5.00000      16.0000      69.0000      10062.3
      1970.13
      4.00000      18.0000      5.00000      17.0000      68.5000      10128.9
      1965.85
      4.00000      19.0000      5.00000      18.0000      68.0000      10199.1
      1961.54
      4.00000      20.0000      5.00000      19.0000      67.4000      10273.0
      1957.20
      4.00000      21.0000      5.00000      20.0000      66.9000      10350.6
      1952.82
      4.00000      22.0000      5.00000      21.0000      66.4000      10431.9
      1948.42
      4.00000      23.0000      5.00000      22.0000      65.9000      10516.8
      1943.98
      4.00000      24.0000      5.00000      23.0000      65.4000      10605.4
      1939.51
      4.00000      25.0000      5.00000      24.0000      64.9000      10697.6
      1935.01
      4.00000      26.0000      5.00000      25.0000      64.5000      10793.5
      1930.48
      4.00000      27.0000      5.00000      26.0000      64.0000      10893.1
      1925.91
      4.00000      28.0000      5.00000      27.0000      63.5000      10996.3
      1921.32
      4.00000      29.0000      5.00000      28.0000      63.0000      11103.1
      1916.69
      4.00000      30.0000      5.00000      29.0000      62.6000      11213.6
      1912.04
      4.00000      31.0000      5.00000      30.0000      62.1000      11327.7
      1907.35
      4.00000      32.0000      5.00000      31.0000      61.6000      11445.5
      1902.63
      4.00000      33.0000      5.00000      32.0000      61.2000      11566.9
      1897.89
      4.00000      34.0000      5.00000      33.0000      60.7000      11691.9
      1893.11
      4.00000      35.0000      5.00000      34.0000      60.2000      11820.5
      1888.30
      4.00000      36.0000      5.00000      35.0000      59.8000      11952.8
      1883.46
      4.00000      37.0000      5.00000      36.0000      59.3000      12088.6
      1878.60
      4.00000      38.0000      5.00000      37.0000      58.9000      12228.1
      1873.70
      4.00000      39.0000      5.00000      38.0000      58.4000      12371.1
      1868.77
      4.00000      40.0000      5.00000      39.0000      58.0000      12517.8
      1863.82
      4.00000      41.0000      5.00000      40.0000      57.5000      12668.0
      1858.83
      4.00000      42.0000      5.00000      41.0000      57.1000      12821.8
      1853.82
      4.00000      43.0000      5.00000      42.0000      56.6000      12979.2
      1848.78
      4.00000      44.0000      5.00000      43.0000      56.2000      13140.1
      1843.70
      4.00000      45.0000      5.00000      44.0000      55.7000      13304.6
      1838.60
      4.00000      46.0000      5.00000      45.0000      55.3000      13472.7
      1833.47
      4.00000      47.0000      5.00000      46.0000      54.9000      13644.3
      1828.32
      4.00000      48.0000      5.00000      47.0000      54.4000      13819.4
      1823.13
      4.00000      49.0000      5.00000      48.0000      54.0000      13998.1
      1817.92
      4.00000      50.0000      5.00000      49.0000      53.5000      14180.3
      1812.68
      4.00000      51.0000      5.00000      50.0000      53.1000      14366.0
      1807.41
      4.00000      52.0000      5.00000      51.0000      52.7000      14555.2
      1802.11
      4.00000      53.0000      5.00000      52.0000      52.2000      14748.0
      1796.79
      4.00000      54.0000      5.00000      53.0000      51.8000      14944.2
      1791.44
      4.00000      55.0000      5.00000      54.0000      51.4000      15143.9
      1786.06
      4.00000      56.0000      5.00000      55.0000      50.9000      15347.1
      1780.65
      4.00000      57.0000      5.00000      56.0000      50.5000      15553.8
      1775.22
      4.00000      58.0000      5.00000      57.0000      50.1000      15763.9
      1769.76
      4.00000      59.0000      5.00000      58.0000      49.7000      15977.5
      1764.27
      4.00000      60.0000      5.00000      59.0000      49.2000      16194.6
      1758.76
