      2.00000      59.0000      3.00000      60.0000      60.8000      11947.0
      2247.56
      2.00000      58.0000      3.00000      59.0000      60.6000      11729.3
      2246.14
      2.00000      57.0000      3.00000      58.0000      60.5000      11515.1
      2244.68
      2.00000      56.0000      3.00000      57.0000      60.3000      11304.5
      2243.18
      2.00000      55.0000      3.00000      56.0000      60.2000      11097.3
      2241.63
      2.00000      54.0000      3.00000      55.0000      60.0000      10893.8
      2240.04
      2.00000      53.0000      3.00000      54.0000      59.8000      10693.7
      2238.41
      2.00000      52.0000      3.00000      53.0000      59.6000      10497.3
      2236.73
      2.00000      51.0000      3.00000      52.0000      59.5000      10304.4
      2235.02
      2.00000      50.0000      3.00000      51.0000      59.3000      10115.1
      2233.25
      2.00000      49.0000      3.00000      50.0000      59.1000      9929.43
      2231.45
      2.00000      48.0000      3.00000      49.0000      58.9000      9747.32
      2229.61
      2.00000      47.0000      3.00000      48.0000      58.7000      9568.82
      2227.72
      2.00000      46.0000      3.00000      47.0000      58.5000      9393.92
      2225.79
      2.00000      45.0000      3.00000      46.0000      58.3000      9222.65
      2223.82
      2.00000      44.0000      3.00000      45.0000      58.1000      9055.00
      2221.80
      2.00000      43.0000      3.00000      44.0000      57.9000      8890.97
      2219.75
      2.00000      42.0000      3.00000      43.0000      57.7000      8730.59
      2217.65
      2.00000      41.0000      3.00000      42.0000      57.5000      8573.84
      2215.51
      2.00000      40.0000      3.00000      41.0000      57.3000      8420.75
      2213.33
      2.00000      39.0000      3.00000      40.0000      57.1000      8271.31
      2211.11
      2.00000      38.0000      3.00000      39.0000      56.9000      8125.54
      2208.85
      2.00000      37.0000      3.00000      38.0000      56.6000      7983.42
      2206.55
      2.00000      36.0000      3.00000      37.0000      56.4000      7844.98
      2204.21
      2.00000      35.0000      3.00000      36.0000      56.2000      7710.22
      2201.83
      2.00000      34.0000      3.00000      35.0000      56.0000      7579.14
      2199.41
      2.00000      33.0000      3.00000      34.0000      55.7000      7451.75
      2196.94
      2.00000      32.0000      3.00000      33.0000      55.5000      7328.06
      2194.44
      2.00000      31.0000      3.00000      32.0000      55.3000      7208.05
      2191.90
      2.00000      30.0000      3.00000      31.0000      55.0000      7091.76
      2189.31
      2.00000      29.0000      3.00000      30.0000      54.8000      6979.17
      2186.69
      2.00000      28.0000      3.00000      29.0000      54.5000      6870.29
      2184.03
      2.00000      27.0000      3.00000      28.0000      54.3000      6765.12
      2181.33
      2.00000      26.0000      3.00000      27.0000      54.0000      6663.68
      2178.59
      2.00000      25.0000      3.00000      26.0000      53.7000      6565.95
      2175.81
      2.00000      24.0000      3.00000      25.0000      53.5000      6471.96
      2173.00
      2.00000      23.0000      3.00000      24.0000      53.2000      6381.70
      2170.14
      2.00000      22.0000      3.00000      23.0000      52.9000      6295.17
      2167.25
      2.00000      21.0000      3.00000      22.0000      52.6000      6212.38
      2164.31
      2.00000      20.0000      3.00000      21.0000      52.3000      6133.33
      2161.34
      2.00000      19.0000      3.00000      20.0000      52.1000      6058.02
      2158.33
      2.00000      18.0000      3.00000      19.0000      51.8000      5986.47
      2155.28
      2.00000      17.0000      3.00000      18.0000      51.4000      5918.66
      2152.20
      2.00000      16.0000      3.00000      17.0000      51.1000      5854.60
      2149.08
      2.00000      15.0000      3.00000      16.0000      50.8000      5794.30
      2145.92
      2.00000      14.0000      3.00000      15.0000      50.5000      5737.76
      2142.72
      2.00000      13.0000      3.00000      14.0000      50.1000      5684.97
      2139.49
      2.00000      12.0000      3.00000      13.0000      49.7000      5635.95
      2136.21
      2.00000      11.0000      3.00000      12.0000      49.3000      5590.69
      2132.91
      2.00000      10.0000      3.00000      11.0000      48.9000      5549.20
      2129.56
      2.00000      9.00000      3.00000      10.0000      48.5000      5511.48
      2126.18
      2.00000      8.00000      3.00000      9.00000      48.0000      5477.52
      2122.76
      2.00000      7.00000      3.00000      8.00000      47.4000      5447.33
      2119.30
      2.00000      6.00000      3.00000      7.00000      46.8000      5420.91
      2115.81
      2.00000      5.00000      3.00000      6.00000      46.0000      5398.27
      2112.29
      2.00000      4.00000      3.00000      5.00000      45.1000      5379.40
      2108.72
      2.00000      3.00000      3.00000      4.00000      43.8000      5364.30
      2105.13
      2.00000      2.00000      3.00000      3.00000      42.1000      5352.97
      2101.49
      2.00000      1.00000      3.00000      2.00000      39.0000      5345.42
      2097.82
      2.00000      0.00000      3.00000      1.00000      32.4000      5341.65
      2094.12
      2.00000      1.00000      3.00000      0.00000      96.0000      5345.42
      2086.60
      2.00000      2.00000      3.00000      1.00000      63.7000      5352.97
      2082.79
      2.00000      3.00000      3.00000      2.00000      57.0000      5364.30
      2078.95
      2.00000      4.00000      3.00000      3.00000      54.0000      5379.40
      2075.07
      2.00000      5.00000      3.00000      4.00000      52.2000      5398.27
      2071.15
      2.00000      6.00000      3.00000      5.00000      50.9000      5420.91
      2067.21
      2.00000      7.00000      3.00000      6.00000      50.0000      5447.33
      2063.22
      2.00000      8.00000      3.00000      7.00000      49.2000      5477.52
      2059.21
      2.00000      9.00000      3.00000      8.00000      48.6000      5511.48
      2055.16
      2.00000      10.0000      3.00000      9.00000      48.0000      5549.20
      2051.08
      2.00000      11.0000      3.00000      10.0000      47.5000      5590.69
      2046.96
      2.00000      12.0000      3.00000      11.0000      47.0000      5635.95
      2042.81
      2.00000      13.0000      3.00000      12.0000      46.6000      5684.97
      2038.62
      2.00000      14.0000      3.00000      13.0000      46.1000      5737.76
      2034.41
      2.00000      15.0000      3.00000      14.0000      45.8000      5794.30
      2030.16
      2.00000      16.0000      3.00000      15.0000      45.4000      5854.60
      2025.88
      2.00000      17.0000      3.00000      16.0000      45.0000      5918.66
      2021.56
      2.00000      18.0000      3.00000      17.0000      44.6000      5986.47
      2017.21
      2.00000      19.0000      3.00000      18.0000      44.3000      6058.02
      2012.83
      2.00000      20.0000      3.00000      19.0000      43.9000      6133.33
      2008.42
      2.00000      21.0000      3.00000      20.0000      43.6000      6212.38
      2003.98
      2.00000      22.0000      3.00000      21.0000      43.3000      6295.17
      1999.50
      2.00000      23.0000      3.00000      22.0000      43.0000      6381.70
      1994.99
      2.00000      24.0000      3.00000      23.0000      42.6000      6471.96
      1990.45
      2.00000      25.0000      3.00000      24.0000      42.3000      6565.95
      1985.88
      2.00000      26.0000      3.00000      25.0000      42.0000      6663.68
      1981.28
      2.00000      27.0000      3.00000      26.0000      41.7000      6765.12
      1976.65
      2.00000      28.0000      3.00000      27.0000      41.4000      6870.29
      1971.98
      2.00000      29.0000      3.00000      28.0000      41.1000      6979.17
      1967.29
      2.00000      30.0000      3.00000      29.0000      40.8000      7091.76
      1962.56
      2.00000      31.0000      3.00000      30.0000      40.5000      7208.05
      1957.80
      2.00000      32.0000      3.00000      31.0000      40.2000      7328.06
      1953.02
      2.00000      33.0000      3.00000      32.0000      39.9000      7451.75
      1948.20
      2.00000      34.0000      3.00000      33.0000      39.6000      7579.14
      1943.35
      2.00000      35.0000      3.00000      34.0000      39.3000      7710.22
      1938.47
      2.00000      36.0000      3.00000      35.0000      39.0000      7844.98
      1933.56
      2.00000      37.0000      3.00000      36.0000      38.7000      7983.42
      1928.63
      2.00000      38.0000      3.00000      37.0000      38.4000      8125.54
      1923.66
      2.00000      39.0000      3.00000      38.0000      38.1000      8271.31
      1918.66
      2.00000      40.0000      3.00000      39.0000      37.8000      8420.75
      1913.64
      2.00000      41.0000      3.00000      40.0000      37.5000      8573.84
      1908.58
      2.00000      42.0000      3.00000      41.0000      37.2000      8730.59
      1903.50
      2.00000      43.0000      3.00000      42.0000      36.9000      8890.97
      1898.39
      2.00000      44.0000      3.00000      43.0000      36.6000      9055.00
      1893.24
      2.00000      45.0000      3.00000      44.0000      36.3000      9222.65
      1888.07
      2.00000      46.0000      3.00000      45.0000      36.0000      9393.92
      1882.87
      2.00000      47.0000      3.00000      46.0000      35.8000      9568.82
      1877.65
      2.00000      48.0000      3.00000      47.0000      35.5000      9747.32
      1872.39
      2.00000      49.0000      3.00000      48.0000      35.2000      9929.43
      1867.11
      2.00000      50.0000      3.00000      49.0000      34.9000      10115.1
      1861.80
      2.00000      51.0000      3.00000      50.0000      34.6000      10304.4
      1856.46
      2.00000      52.0000      3.00000      51.0000      34.3000      10497.3
      1851.09
      2.00000      53.0000      3.00000      52.0000      34.1000      10693.7
      1845.70
      2.00000      54.0000      3.00000      53.0000      33.8000      10893.8
      1840.27
      2.00000      55.0000      3.00000      54.0000      33.5000      11097.3
      1834.83
      2.00000      56.0000      3.00000      55.0000      33.2000      11304.5
      1829.35
      2.00000      57.0000      3.00000      56.0000      32.9000      11515.1
      1823.85
      2.00000      58.0000      3.00000      57.0000      32.7000      11729.3
      1818.32
      2.00000      59.0000      3.00000      58.0000      32.4000      11947.0
      1812.76
      2.00000      60.0000      3.00000      59.0000      32.1000      12168.3
      1807.18
