      7.00000      59.0000      8.00000      60.0000      128.000      21826.4
      2106.05
      7.00000      58.0000      8.00000      59.0000      128.000      21619.0
      2104.81
      7.00000      57.0000      8.00000      58.0000      128.000      21414.9
      2103.53
      7.00000      56.0000      8.00000      57.0000      128.000      21214.3
      2102.20
      7.00000      55.0000      8.00000      56.0000      127.000      21016.9
      2100.83
      7.00000      54.0000      8.00000      55.0000      127.000      20823.0
      2099.41
      7.00000      53.0000      8.00000      54.0000      127.000      20632.4
      2097.95
      7.00000      52.0000      8.00000      53.0000      126.000      20445.3
      2096.45
      7.00000      51.0000      8.00000      52.0000      126.000      20261.5
      2094.91
      7.00000      50.0000      8.00000      51.0000      126.000      20081.1
      2093.32
      7.00000      49.0000      8.00000      50.0000      125.000      19904.2
      2091.69
      7.00000      48.0000      8.00000      49.0000      125.000      19730.7
      2090.02
      7.00000      47.0000      8.00000      48.0000      125.000      19560.6
      2088.31
      7.00000      46.0000      8.00000      47.0000      124.000      19393.9
      2086.56
      7.00000      45.0000      8.00000      46.0000      124.000      19230.7
      2084.76
      7.00000      44.0000      8.00000      45.0000      124.000      19070.9
      2082.92
      7.00000      43.0000      8.00000      44.0000      123.000      18914.6
      2081.04
      7.00000      42.0000      8.00000      43.0000      123.000      18761.7
      2079.12
      7.00000      41.0000      8.00000      42.0000      122.000      18612.3
      2077.15
      7.00000      40.0000      8.00000      41.0000      122.000      18466.4
      2075.15
      7.00000      39.0000      8.00000      40.0000      122.000      18323.9
      2073.10
      7.00000      38.0000      8.00000      39.0000      121.000      18185.0
      2071.02
      7.00000      37.0000      8.00000      38.0000      121.000      18049.5
      2068.89
      7.00000      36.0000      8.00000      37.0000      120.000      17917.6
      2066.72
      7.00000      35.0000      8.00000      36.0000      120.000      17789.1
      2064.52
      7.00000      34.0000      8.00000      35.0000      120.000      17664.2
      2062.27
      7.00000      33.0000      8.00000      34.0000      119.000      17542.7
      2059.98
      7.00000      32.0000      8.00000      33.0000      119.000      17424.8
      2057.65
      7.00000      31.0000      8.00000      32.0000      118.000      17310.4
      2055.28
      7.00000      30.0000      8.00000      31.0000      118.000      17199.5
      2052.87
      7.00000      29.0000      8.00000      30.0000      117.000      17092.2
      2050.43
      7.00000      28.0000      8.00000      29.0000      117.000      16988.4
      2047.94
      7.00000      27.0000      8.00000      28.0000      116.000      16888.1
      2045.41
      7.00000      26.0000      8.00000      27.0000      116.000      16791.4
      2042.85
      7.00000      25.0000      8.00000      26.0000      115.000      16698.2
      2040.25
      7.00000      24.0000      8.00000      25.0000      115.000      16608.6
      2037.60
      7.00000      23.0000      8.00000      24.0000      114.000      16522.5
      2034.92
      7.00000      22.0000      8.00000      23.0000      113.000      16440.0
      2032.20
      7.00000      21.0000      8.00000      22.0000      113.000      16361.1
      2029.44
      7.00000      20.0000      8.00000      21.0000      112.000      16285.7
      2026.65
      7.00000      19.0000      8.00000      20.0000      112.000      16213.9
      2023.81
      7.00000      18.0000      8.00000      19.0000      111.000      16145.7
      2020.94
      7.00000      17.0000      8.00000      18.0000      110.000      16081.0
      2018.03
      7.00000      16.0000      8.00000      17.0000      110.000      16019.9
      2015.08
      7.00000      15.0000      8.00000      16.0000      109.000      15962.4
      2012.10
      7.00000      14.0000      8.00000      15.0000      108.000      15908.5
      2009.07
      7.00000      13.0000      8.00000      14.0000      108.000      15858.2
      2006.01
      7.00000      12.0000      8.00000      13.0000      107.000      15811.4
      2002.92
      7.00000      11.0000      8.00000      12.0000      106.000      15768.3
      1999.78
      7.00000      10.0000      8.00000      11.0000      105.000      15728.7
      1996.61
      7.00000      9.00000      8.00000      10.0000      104.000      15692.7
      1993.40
      7.00000      8.00000      8.00000      9.00000      103.000      15660.3
      1990.16
      7.00000      7.00000      8.00000      8.00000      102.000      15631.5
      1986.88
      7.00000      6.00000      8.00000      7.00000      101.000      15606.3
      1983.56
      7.00000      5.00000      8.00000      6.00000      99.1000      15584.8
      1980.21
      7.00000      4.00000      8.00000      5.00000      97.1000      15566.8
      1976.82
      7.00000      3.00000      8.00000      4.00000      94.5000      15552.4
      1973.40
      7.00000      2.00000      8.00000      3.00000      90.6000      15541.6
      1969.94
      7.00000      1.00000      8.00000      2.00000      84.1000      15534.4
      1966.45
      7.00000      0.00000      8.00000      1.00000      69.7000      15530.8
      1962.92
      7.00000      1.00000      8.00000      0.00000      207.000      15534.4
      1955.75
      7.00000      2.00000      8.00000      1.00000      137.000      15541.6
      1952.12
      7.00000      3.00000      8.00000      2.00000      123.000      15552.4
      1948.45
      7.00000      4.00000      8.00000      3.00000      116.000      15566.8
      1944.74
      7.00000      5.00000      8.00000      4.00000      113.000      15584.8
      1941.00
      7.00000      6.00000      8.00000      5.00000      110.000      15606.3
      1937.23
      7.00000      7.00000      8.00000      6.00000      108.000      15631.5
      1933.42
      7.00000      8.00000      8.00000      7.00000      106.000      15660.3
      1929.58
      7.00000      9.00000      8.00000      8.00000      105.000      15692.7
      1925.71
      7.00000      10.0000      8.00000      9.00000      104.000      15728.7
      1921.80
      7.00000      11.0000      8.00000      10.0000      103.000      15768.3
      1917.86
      7.00000      12.0000      8.00000      11.0000      102.000      15811.4
      1913.88
      7.00000      13.0000      8.00000      12.0000      101.000      15858.2
      1909.88
      7.00000      14.0000      8.00000      13.0000      99.7000      15908.5
      1905.83
      7.00000      15.0000      8.00000      14.0000      98.8000      15962.4
      1901.76
      7.00000      16.0000      8.00000      15.0000      98.0000      16019.9
      1897.65
      7.00000      17.0000      8.00000      16.0000      97.2000      16081.0
      1893.51
      7.00000      18.0000      8.00000      17.0000      96.5000      16145.7
      1889.34
      7.00000      19.0000      8.00000      18.0000      95.7000      16213.9
      1885.14
      7.00000      20.0000      8.00000      19.0000      95.0000      16285.7
      1880.90
      7.00000      21.0000      8.00000      20.0000      94.2000      16361.1
      1876.63
      7.00000      22.0000      8.00000      21.0000      93.5000      16440.0
      1872.33
      7.00000      23.0000      8.00000      22.0000      92.8000      16522.5
      1868.00
      7.00000      24.0000      8.00000      23.0000      92.1000      16608.6
      1863.63
      7.00000      25.0000      8.00000      24.0000      91.5000      16698.2
      1859.24
      7.00000      26.0000      8.00000      25.0000      90.8000      16791.4
      1854.81
      7.00000      27.0000      8.00000      26.0000      90.1000      16888.1
      1850.35
      7.00000      28.0000      8.00000      27.0000      89.4000      16988.4
      1845.86
      7.00000      29.0000      8.00000      28.0000      88.8000      17092.2
      1841.34
      7.00000      30.0000      8.00000      29.0000      88.1000      17199.5
      1836.79
      7.00000      31.0000      8.00000      30.0000      87.5000      17310.4
      1832.21
      7.00000      32.0000      8.00000      31.0000      86.8000      17424.8
      1827.60
      7.00000      33.0000      8.00000      32.0000      86.2000      17542.7
      1822.96
      7.00000      34.0000      8.00000      33.0000      85.5000      17664.2
      1818.29
      7.00000      35.0000      8.00000      34.0000      84.9000      17789.1
      1813.58
      7.00000      36.0000      8.00000      35.0000      84.2000      17917.6
      1808.85
      7.00000      37.0000      8.00000      36.0000      83.6000      18049.5
      1804.09
      7.00000      38.0000      8.00000      37.0000      82.9000      18185.0
      1799.30
      7.00000      39.0000      8.00000      38.0000      82.3000      18323.9
      1794.48
      7.00000      40.0000      8.00000      39.0000      81.7000      18466.4
      1789.63
      7.00000      41.0000      8.00000      40.0000      81.0000      18612.3
      1784.75
      7.00000      42.0000      8.00000      41.0000      80.4000      18761.7
      1779.84
      7.00000      43.0000      8.00000      42.0000      79.8000      18914.6
      1774.90
      7.00000      44.0000      8.00000      43.0000      79.1000      19070.9
      1769.93
      7.00000      45.0000      8.00000      44.0000      78.5000      19230.7
      1764.94
      7.00000      46.0000      8.00000      45.0000      77.9000      19393.9
      1759.92
      7.00000      47.0000      8.00000      46.0000      77.3000      19560.6
      1754.86
      7.00000      48.0000      8.00000      47.0000      76.6000      19730.7
      1749.79
      7.00000      49.0000      8.00000      48.0000      76.0000      19904.2
      1744.68
      7.00000      50.0000      8.00000      49.0000      75.4000      20081.1
      1739.54
      7.00000      51.0000      8.00000      50.0000      74.8000      20261.5
      1734.38
      7.00000      52.0000      8.00000      51.0000      74.2000      20445.3
      1729.19
      7.00000      53.0000      8.00000      52.0000      73.5000      20632.4
      1723.97
      7.00000      54.0000      8.00000      53.0000      72.9000      20823.0
      1718.72
      7.00000      55.0000      8.00000      54.0000      72.3000      21016.9
      1713.45
      7.00000      56.0000      8.00000      55.0000      71.7000      21214.3
      1708.15
      7.00000      57.0000      8.00000      56.0000      71.1000      21414.9
      1702.82
      7.00000      58.0000      8.00000      57.0000      70.5000      21619.0
      1697.47
      7.00000      59.0000      8.00000      58.0000      69.9000      21826.4
      1692.09
      7.00000      60.0000      8.00000      59.0000      69.3000      22037.1
      1686.68
