      9.00000      59.0000      10.0000      60.0000      146.000      25595.2
      2049.98
      9.00000      58.0000      10.0000      59.0000      145.000      25392.0
      2048.81
      9.00000      57.0000      10.0000      58.0000      145.000      25192.0
      2047.60
      9.00000      56.0000      10.0000      57.0000      145.000      24995.3
      2046.34
      9.00000      55.0000      10.0000      56.0000      145.000      24801.9
      2045.04
      9.00000      54.0000      10.0000      55.0000      144.000      24611.8
      2043.69
      9.00000      53.0000      10.0000      54.0000      144.000      24425.0
      2042.30
      9.00000      52.0000      10.0000      53.0000      144.000      24241.6
      2040.87
      9.00000      51.0000      10.0000      52.0000      143.000      24061.4
      2039.40
      9.00000      50.0000      10.0000      51.0000      143.000      23884.6
      2037.88
      9.00000      49.0000      10.0000      50.0000      143.000      23711.2
      2036.32
      9.00000      48.0000      10.0000      49.0000      142.000      23541.1
      2034.72
      9.00000      47.0000      10.0000      48.0000      142.000      23374.3
      2033.08
      9.00000      46.0000      10.0000      47.0000      141.000      23211.0
      2031.39
      9.00000      45.0000      10.0000      46.0000      141.000      23051.0
      2029.66
      9.00000      44.0000      10.0000      45.0000      141.000      22894.3
      2027.89
      9.00000      43.0000      10.0000      44.0000      140.000      22741.1
      2026.08
      9.00000      42.0000      10.0000      43.0000      140.000      22591.2
      2024.23
      9.00000      41.0000      10.0000      42.0000      139.000      22444.8
      2022.34
      9.00000      40.0000      10.0000      41.0000      139.000      22301.7
      2020.40
      9.00000      39.0000      10.0000      40.0000      139.000      22162.1
      2018.43
      9.00000      38.0000      10.0000      39.0000      138.000      22025.9
      2016.41
      9.00000      37.0000      10.0000      38.0000      138.000      21893.1
      2014.35
      9.00000      36.0000      10.0000      37.0000      137.000      21763.7
      2012.25
      9.00000      35.0000      10.0000      36.0000      137.000      21637.8
      2010.12
      9.00000      34.0000      10.0000      35.0000      136.000      21515.2
      2007.94
      9.00000      33.0000      10.0000      34.0000      136.000      21396.2
      2005.72
      9.00000      32.0000      10.0000      33.0000      135.000      21280.6
      2003.46
      9.00000      31.0000      10.0000      32.0000      135.000      21168.4
      2001.16
      9.00000      30.0000      10.0000      31.0000      134.000      21059.7
      1998.82
      9.00000      29.0000      10.0000      30.0000      134.000      20954.5
      1996.45
      9.00000      28.0000      10.0000      29.0000      133.000      20852.7
      1994.03
      9.00000      27.0000      10.0000      28.0000      133.000      20754.4
      1991.57
      9.00000      26.0000      10.0000      27.0000      132.000      20659.5
      1989.08
      9.00000      25.0000      10.0000      26.0000      131.000      20568.2
      1986.54
      9.00000      24.0000      10.0000      25.0000      131.000      20480.3
      1983.97
      9.00000      23.0000      10.0000      24.0000      130.000      20395.9
      1981.36
      9.00000      22.0000      10.0000      23.0000      130.000      20315.0
      1978.71
      9.00000      21.0000      10.0000      22.0000      129.000      20237.6
      1976.02
      9.00000      20.0000      10.0000      21.0000      128.000      20163.7
      1973.29
      9.00000      19.0000      10.0000      20.0000      128.000      20093.3
      1970.52
      9.00000      18.0000      10.0000      19.0000      127.000      20026.4
      1967.72
      9.00000      17.0000      10.0000      18.0000      126.000      19963.0
      1964.88
      9.00000      16.0000      10.0000      17.0000      125.000      19903.1
      1962.00
      9.00000      15.0000      10.0000      16.0000      125.000      19846.8
      1959.09
      9.00000      14.0000      10.0000      15.0000      124.000      19793.9
      1956.13
      9.00000      13.0000      10.0000      14.0000      123.000      19744.5
      1953.14
      9.00000      12.0000      10.0000      13.0000      122.000      19698.7
      1950.12
      9.00000      11.0000      10.0000      12.0000      121.000      19656.4
      1947.05
      9.00000      10.0000      10.0000      11.0000      120.000      19617.6
      1943.95
      9.00000      9.00000      10.0000      10.0000      119.000      19582.3
      1940.81
      9.00000      8.00000      10.0000      9.00000      118.000      19550.5
      1937.64
      9.00000      7.00000      10.0000      8.00000      117.000      19522.3
      1934.43
      9.00000      6.00000      10.0000      7.00000      115.000      19497.6
      1931.18
      9.00000      5.00000      10.0000      6.00000      113.000      19476.4
      1927.90
      9.00000      4.00000      10.0000      5.00000      111.000      19458.8
      1924.58
      9.00000      3.00000      10.0000      4.00000      108.000      19444.7
      1921.23
      9.00000      2.00000      10.0000      3.00000      104.000      19434.1
      1917.84
      9.00000      1.00000      10.0000      2.00000      96.2000      19427.0
      1914.41
      9.00000      0.00000      10.0000      1.00000      79.8000      19423.5
      1910.95
      9.00000      1.00000      10.0000      0.00000      237.000      19427.0
      1903.93
      9.00000      2.00000      10.0000      1.00000      157.000      19434.1
      1900.36
      9.00000      3.00000      10.0000      2.00000      141.000      19444.7
      1896.76
      9.00000      4.00000      10.0000      3.00000      133.000      19458.8
      1893.13
      9.00000      5.00000      10.0000      4.00000      129.000      19476.4
      1889.46
      9.00000      6.00000      10.0000      5.00000      126.000      19497.6
      1885.76
      9.00000      7.00000      10.0000      6.00000      123.000      19522.3
      1882.02
      9.00000      8.00000      10.0000      7.00000      122.000      19550.5
      1878.25
      9.00000      9.00000      10.0000      8.00000      120.000      19582.3
      1874.45
      9.00000      10.0000      10.0000      9.00000      119.000      19617.6
      1870.61
      9.00000      11.0000      10.0000      10.0000      117.000      19656.4
      1866.74
      9.00000      12.0000      10.0000      11.0000      116.000      19698.7
      1862.83
      9.00000      13.0000      10.0000      12.0000      115.000      19744.5
      1858.89
      9.00000      14.0000      10.0000      13.0000      114.000      19793.9
      1854.92
      9.00000      15.0000      10.0000      14.0000      113.000      19846.8
      1850.92
      9.00000      16.0000      10.0000      15.0000      112.000      19903.1
      1846.88
      9.00000      17.0000      10.0000      16.0000      111.000      19963.0
      1842.81
      9.00000      18.0000      10.0000      17.0000      110.000      20026.4
      1838.71
      9.00000      19.0000      10.0000      18.0000      110.000      20093.3
      1834.58
      9.00000      20.0000      10.0000      19.0000      109.000      20163.7
      1830.41
      9.00000      21.0000      10.0000      20.0000      108.000      20237.6
      1826.21
      9.00000      22.0000      10.0000      21.0000      107.000      20315.0
      1821.98
      9.00000      23.0000      10.0000      22.0000      106.000      20395.9
      1817.72
      9.00000      24.0000      10.0000      23.0000      106.000      20480.3
      1813.43
      9.00000      25.0000      10.0000      24.0000      105.000      20568.2
      1809.10
      9.00000      26.0000      10.0000      25.0000      104.000      20659.5
      1804.74
      9.00000      27.0000      10.0000      26.0000      103.000      20754.4
      1800.36
      9.00000      28.0000      10.0000      27.0000      102.000      20852.7
      1795.94
      9.00000      29.0000      10.0000      28.0000      102.000      20954.5
      1791.49
      9.00000      30.0000      10.0000      29.0000      101.000      21059.7
      1787.01
      9.00000      31.0000      10.0000      30.0000      100.000      21168.4
      1782.50
      9.00000      32.0000      10.0000      31.0000      99.4000      21280.6
      1777.96
      9.00000      33.0000      10.0000      32.0000      98.7000      21396.2
      1773.38
      9.00000      34.0000      10.0000      33.0000      98.0000      21515.2
      1768.78
      9.00000      35.0000      10.0000      34.0000      97.2000      21637.8
      1764.15
      9.00000      36.0000      10.0000      35.0000      96.5000      21763.7
      1759.49
      9.00000      37.0000      10.0000      36.0000      95.7000      21893.1
      1754.80
      9.00000      38.0000      10.0000      37.0000      95.0000      22025.9
      1750.08
      9.00000      39.0000      10.0000      38.0000      94.3000      22162.1
      1745.33
      9.00000      40.0000      10.0000      39.0000      93.6000      22301.7
      1740.55
      9.00000      41.0000      10.0000      40.0000      92.8000      22444.8
      1735.74
      9.00000      42.0000      10.0000      41.0000      92.1000      22591.2
      1730.90
      9.00000      43.0000      10.0000      42.0000      91.4000      22741.1
      1726.03
      9.00000      44.0000      10.0000      43.0000      90.7000      22894.3
      1721.14
      9.00000      45.0000      10.0000      44.0000      89.9000      23051.0
      1716.21
      9.00000      46.0000      10.0000      45.0000      89.2000      23211.0
      1711.26
      9.00000      47.0000      10.0000      46.0000      88.5000      23374.3
      1706.28
      9.00000      48.0000      10.0000      47.0000      87.8000      23541.1
      1701.27
      9.00000      49.0000      10.0000      48.0000      87.1000      23711.2
      1696.23
      9.00000      50.0000      10.0000      49.0000      86.4000      23884.6
      1691.17
      9.00000      51.0000      10.0000      50.0000      85.6000      24061.4
      1686.08
      9.00000      52.0000      10.0000      51.0000      84.9000      24241.6
      1680.95
      9.00000      53.0000      10.0000      52.0000      84.2000      24425.0
      1675.81
      9.00000      54.0000      10.0000      53.0000      83.5000      24611.8
      1670.63
      9.00000      55.0000      10.0000      54.0000      82.8000      24801.9
      1665.43
      9.00000      56.0000      10.0000      55.0000      82.1000      24995.3
      1660.20
      9.00000      57.0000      10.0000      56.0000      81.4000      25192.0
      1654.94
      9.00000      58.0000      10.0000      57.0000      80.7000      25392.0
      1649.66
      9.00000      59.0000      10.0000      58.0000      80.0000      25595.2
      1644.35
      9.00000      60.0000      10.0000      59.0000      79.3000      25801.8
      1639.01
