      8.00000      59.0000      9.00000      60.0000      138.000      23723.8
      2077.98
      8.00000      58.0000      9.00000      59.0000      137.000      23518.5
      2076.77
      8.00000      57.0000      9.00000      58.0000      137.000      23316.5
      2075.52
      8.00000      56.0000      9.00000      57.0000      137.000      23117.8
      2074.23
      8.00000      55.0000      9.00000      56.0000      137.000      22922.4
      2072.89
      8.00000      54.0000      9.00000      55.0000      136.000      22730.4
      2071.51
      8.00000      53.0000      9.00000      54.0000      136.000      22541.7
      2070.09
      8.00000      52.0000      9.00000      53.0000      136.000      22356.4
      2068.62
      8.00000      51.0000      9.00000      52.0000      135.000      22174.5
      2067.11
      8.00000      50.0000      9.00000      51.0000      135.000      21995.9
      2065.56
      8.00000      49.0000      9.00000      50.0000      135.000      21820.7
      2063.97
      8.00000      48.0000      9.00000      49.0000      134.000      21648.9
      2062.33
      8.00000      47.0000      9.00000      48.0000      134.000      21480.4
      2060.65
      8.00000      46.0000      9.00000      47.0000      134.000      21315.4
      2058.93
      8.00000      45.0000      9.00000      46.0000      133.000      21153.8
      2057.17
      8.00000      44.0000      9.00000      45.0000      133.000      20995.6
      2055.37
      8.00000      43.0000      9.00000      44.0000      132.000      20840.8
      2053.52
      8.00000      42.0000      9.00000      43.0000      132.000      20689.5
      2051.63
      8.00000      41.0000      9.00000      42.0000      132.000      20541.5
      2049.71
      8.00000      40.0000      9.00000      41.0000      131.000      20397.1
      2047.74
      8.00000      39.0000      9.00000      40.0000      131.000      20256.0
      2045.73
      8.00000      38.0000      9.00000      39.0000      130.000      20118.4
      2043.67
      8.00000      37.0000      9.00000      38.0000      130.000      19984.3
      2041.58
      8.00000      36.0000      9.00000      37.0000      129.000      19853.6
      2039.45
      8.00000      35.0000      9.00000      36.0000      129.000      19726.4
      2037.28
      8.00000      34.0000      9.00000      35.0000      128.000      19602.7
      2035.06
      8.00000      33.0000      9.00000      34.0000      128.000      19482.4
      2032.81
      8.00000      32.0000      9.00000      33.0000      127.000      19365.7
      2030.52
      8.00000      31.0000      9.00000      32.0000      127.000      19252.4
      2028.18
      8.00000      30.0000      9.00000      31.0000      126.000      19142.6
      2025.81
      8.00000      29.0000      9.00000      30.0000      126.000      19036.3
      2023.40
      8.00000      28.0000      9.00000      29.0000      125.000      18933.5
      2020.95
      8.00000      27.0000      9.00000      28.0000      125.000      18834.2
      2018.45
      8.00000      26.0000      9.00000      27.0000      124.000      18738.4
      2015.92
      8.00000      25.0000      9.00000      26.0000      124.000      18646.2
      2013.35
      8.00000      24.0000      9.00000      25.0000      123.000      18557.4
      2010.75
      8.00000      23.0000      9.00000      24.0000      123.000      18472.2
      2008.10
      8.00000      22.0000      9.00000      23.0000      122.000      18390.5
      2005.41
      8.00000      21.0000      9.00000      22.0000      121.000      18312.3
      2002.69
      8.00000      20.0000      9.00000      21.0000      121.000      18237.7
      1999.93
      8.00000      19.0000      9.00000      20.0000      120.000      18166.6
      1997.13
      8.00000      18.0000      9.00000      19.0000      119.000      18099.0
      1994.29
      8.00000      17.0000      9.00000      18.0000      119.000      18035.0
      1991.42
      8.00000      16.0000      9.00000      17.0000      118.000      17974.5
      1988.50
      8.00000      15.0000      9.00000      16.0000      117.000      17917.6
      1985.55
      8.00000      14.0000      9.00000      15.0000      117.000      17864.2
      1982.56
      8.00000      13.0000      9.00000      14.0000      116.000      17814.3
      1979.54
      8.00000      12.0000      9.00000      13.0000      115.000      17768.0
      1976.48
      8.00000      11.0000      9.00000      12.0000      114.000      17725.3
      1973.38
      8.00000      10.0000      9.00000      11.0000      113.000      17686.1
      1970.24
      8.00000      9.00000      9.00000      10.0000      112.000      17650.5
      1967.07
      8.00000      8.00000      9.00000      9.00000      111.000      17618.4
      1963.86
      8.00000      7.00000      9.00000      8.00000      110.000      17589.9
      1960.62
      8.00000      6.00000      9.00000      7.00000      108.000      17565.0
      1957.33
      8.00000      5.00000      9.00000      6.00000      107.000      17543.6
      1954.02
      8.00000      4.00000      9.00000      5.00000      105.000      17525.8
      1950.66
      8.00000      3.00000      9.00000      4.00000      102.000      17511.5
      1947.28
      8.00000      2.00000      9.00000      3.00000      97.5000      17500.8
      1943.85
      8.00000      1.00000      9.00000      2.00000      90.6000      17493.7
      1940.39
      8.00000      0.00000      9.00000      1.00000      75.1000      17490.1
      1936.90
      8.00000      1.00000      9.00000      0.00000      223.000      17493.7
      1929.80
      8.00000      2.00000      9.00000      1.00000      148.000      17500.8
      1926.20
      8.00000      3.00000      9.00000      2.00000      132.000      17511.5
      1922.57
      8.00000      4.00000      9.00000      3.00000      125.000      17525.8
      1918.90
      8.00000      5.00000      9.00000      4.00000      121.000      17543.6
      1915.19
      8.00000      6.00000      9.00000      5.00000      118.000      17565.0
      1911.46
      8.00000      7.00000      9.00000      6.00000      116.000      17589.9
      1907.68
      8.00000      8.00000      9.00000      7.00000      114.000      17618.4
      1903.88
      8.00000      9.00000      9.00000      8.00000      113.000      17650.5
      1900.04
      8.00000      10.0000      9.00000      9.00000      112.000      17686.1
      1896.17
      8.00000      11.0000      9.00000      10.0000      110.000      17725.3
      1892.26
      8.00000      12.0000      9.00000      11.0000      109.000      17768.0
      1888.32
      8.00000      13.0000      9.00000      12.0000      108.000      17814.3
      1884.35
      8.00000      14.0000      9.00000      13.0000      107.000      17864.2
      1880.34
      8.00000      15.0000      9.00000      14.0000      106.000      17917.6
      1876.30
      8.00000      16.0000      9.00000      15.0000      106.000      17974.5
      1872.23
      8.00000      17.0000      9.00000      16.0000      105.000      18035.0
      1868.12
      8.00000      18.0000      9.00000      17.0000      104.000      18099.0
      1863.99
      8.00000      19.0000      9.00000      18.0000      103.000      18166.6
      1859.82
      8.00000      20.0000      9.00000      19.0000      102.000      18237.7
      1855.62
      8.00000      21.0000      9.00000      20.0000      102.000      18312.3
      1851.38
      8.00000      22.0000      9.00000      21.0000      101.000      18390.5
      1847.12
      8.00000      23.0000      9.00000      22.0000      100.000      18472.2
      1842.82
      8.00000      24.0000      9.00000      23.0000      99.3000      18557.4
      1838.49
      8.00000      25.0000      9.00000      24.0000      98.5000      18646.2
      1834.13
      8.00000      26.0000      9.00000      25.0000      97.8000      18738.4
      1829.74
      8.00000      27.0000      9.00000      26.0000      97.1000      18834.2
      1825.32
      8.00000      28.0000      9.00000      27.0000      96.3000      18933.5
      1820.86
      8.00000      29.0000      9.00000      28.0000      95.6000      19036.3
      1816.38
      8.00000      30.0000      9.00000      29.0000      94.9000      19142.6
      1811.86
      8.00000      31.0000      9.00000      30.0000      94.2000      19252.4
      1807.32
      8.00000      32.0000      9.00000      31.0000      93.5000      19365.7
      1802.74
      8.00000      33.0000      9.00000      32.0000      92.8000      19482.4
      1798.13
      8.00000      34.0000      9.00000      33.0000      92.1000      19602.7
      1793.49
      8.00000      35.0000      9.00000      34.0000      91.4000      19726.4
      1788.83
      8.00000      36.0000      9.00000      35.0000      90.7000      19853.6
      1784.13
      8.00000      37.0000      9.00000      36.0000      90.0000      19984.3
      1779.40
      8.00000      38.0000      9.00000      37.0000      89.3000      20118.4
      1774.65
      8.00000      39.0000      9.00000      38.0000      88.7000      20256.0
      1769.86
      8.00000      40.0000      9.00000      39.0000      88.0000      20397.1
      1765.05
      8.00000      41.0000      9.00000      40.0000      87.3000      20541.5
      1760.20
      8.00000      42.0000      9.00000      41.0000      86.6000      20689.5
      1755.33
      8.00000      43.0000      9.00000      42.0000      85.9000      20840.8
      1750.43
      8.00000      44.0000      9.00000      43.0000      85.2000      20995.6
      1745.50
      8.00000      45.0000      9.00000      44.0000      84.6000      21153.8
      1740.54
      8.00000      46.0000      9.00000      45.0000      83.9000      21315.4
      1735.55
      8.00000      47.0000      9.00000      46.0000      83.2000      21480.4
      1730.53
      8.00000      48.0000      9.00000      47.0000      82.5000      21648.9
      1725.49
      8.00000      49.0000      9.00000      48.0000      81.9000      21820.7
      1720.42
      8.00000      50.0000      9.00000      49.0000      81.2000      21995.9
      1715.32
      8.00000      51.0000      9.00000      50.0000      80.5000      22174.5
      1710.19
      8.00000      52.0000      9.00000      51.0000      79.9000      22356.4
      1705.03
      8.00000      53.0000      9.00000      52.0000      79.2000      22541.7
      1699.85
      8.00000      54.0000      9.00000      53.0000      78.5000      22730.4
      1694.64
      8.00000      55.0000      9.00000      54.0000      77.9000      22922.4
      1689.40
      8.00000      56.0000      9.00000      55.0000      77.2000      23117.8
      1684.13
      8.00000      57.0000      9.00000      56.0000      76.6000      23316.5
      1678.84
      8.00000      58.0000      9.00000      57.0000      75.9000      23518.5
      1673.52
      8.00000      59.0000      9.00000      58.0000      75.3000      23723.8
      1668.18
      8.00000      60.0000      9.00000      59.0000      74.6000      23932.4
      1662.81
