      6.00000      59.0000      7.00000      60.0000      118.000      19902.9
      2134.20
      6.00000      58.0000      7.00000      59.0000      118.000      19693.5
      2132.93
      6.00000      57.0000      7.00000      58.0000      117.000      19487.4
      2131.61
      6.00000      56.0000      7.00000      57.0000      117.000      19284.7
      2130.25
      6.00000      55.0000      7.00000      56.0000      117.000      19085.4
      2128.84
      6.00000      54.0000      7.00000      55.0000      117.000      18889.6
      2127.39
      6.00000      53.0000      7.00000      54.0000      116.000      18697.1
      2125.90
      6.00000      52.0000      7.00000      53.0000      116.000      18508.1
      2124.36
      6.00000      51.0000      7.00000      52.0000      116.000      18322.5
      2122.78
      6.00000      50.0000      7.00000      51.0000      115.000      18140.3
      2121.16
      6.00000      49.0000      7.00000      50.0000      115.000      17961.6
      2119.50
      6.00000      48.0000      7.00000      49.0000      115.000      17786.4
      2117.79
      6.00000      47.0000      7.00000      48.0000      114.000      17614.6
      2116.04
      6.00000      46.0000      7.00000      47.0000      114.000      17446.3
      2114.25
      6.00000      45.0000      7.00000      46.0000      114.000      17281.5
      2112.42
      6.00000      44.0000      7.00000      45.0000      113.000      17120.1
      2110.55
      6.00000      43.0000      7.00000      44.0000      113.000      16962.2
      2108.63
      6.00000      42.0000      7.00000      43.0000      113.000      16807.9
      2106.68
      6.00000      41.0000      7.00000      42.0000      112.000      16657.0
      2104.68
      6.00000      40.0000      7.00000      41.0000      112.000      16509.7
      2102.64
      6.00000      39.0000      7.00000      40.0000      111.000      16365.8
      2100.56
      6.00000      38.0000      7.00000      39.0000      111.000      16225.5
      2098.44
      6.00000      37.0000      7.00000      38.0000      111.000      16088.7
      2096.28
      6.00000      36.0000      7.00000      37.0000      110.000      15955.5
      2094.07
      6.00000      35.0000      7.00000      36.0000      110.000      15825.7
      2091.83
      6.00000      34.0000      7.00000      35.0000      109.000      15699.6
      2089.55
      6.00000      33.0000      7.00000      34.0000      109.000      15576.9
      2087.23
      6.00000      32.0000      7.00000      33.0000      109.000      15457.8
      2084.86
      6.00000      31.0000      7.00000      32.0000      108.000      15342.3
      2082.46
      6.00000      30.0000      7.00000      31.0000      108.000      15230.4
      2080.02
      6.00000      29.0000      7.00000      30.0000      107.000      15122.0
      2077.53
      6.00000      28.0000      7.00000      29.0000      107.000      15017.2
      2075.01
      6.00000      27.0000      7.00000      28.0000      106.000      14915.9
      2072.45
      6.00000      26.0000      7.00000      27.0000      106.000      14818.2
      2069.85
      6.00000      25.0000      7.00000      26.0000      105.000      14724.2
      2067.21
      6.00000      24.0000      7.00000      25.0000      105.000      14633.7
      2064.54
      6.00000      23.0000      7.00000      24.0000      104.000      14546.8
      2061.82
      6.00000      22.0000      7.00000      23.0000      104.000      14463.5
      2059.06
      6.00000      21.0000      7.00000      22.0000      103.000      14383.8
      2056.27
      6.00000      20.0000      7.00000      21.0000      103.000      14307.6
      2053.44
      6.00000      19.0000      7.00000      20.0000      102.000      14235.1
      2050.57
      6.00000      18.0000      7.00000      19.0000      102.000      14166.2
      2047.66
      6.00000      17.0000      7.00000      18.0000      101.000      14101.0
      2044.72
      6.00000      16.0000      7.00000      17.0000      100.000      14039.3
      2041.73
      6.00000      15.0000      7.00000      16.0000      99.8000      13981.2
      2038.71
      6.00000      14.0000      7.00000      15.0000      99.1000      13926.8
      2035.66
      6.00000      13.0000      7.00000      14.0000      98.5000      13875.9
      2032.56
      6.00000      12.0000      7.00000      13.0000      97.7000      13828.7
      2029.43
      6.00000      11.0000      7.00000      12.0000      97.0000      13785.2
      2026.26
      6.00000      10.0000      7.00000      11.0000      96.2000      13745.2
      2023.06
      6.00000      9.00000      7.00000      10.0000      95.3000      13708.9
      2019.81
      6.00000      8.00000      7.00000      9.00000      94.4000      13676.2
      2016.53
      6.00000      7.00000      7.00000      8.00000      93.3000      13647.1
      2013.22
      6.00000      6.00000      7.00000      7.00000      92.0000      13621.7
      2009.87
      6.00000      5.00000      7.00000      6.00000      90.6000      13599.9
      2006.48
      6.00000      4.00000      7.00000      5.00000      88.8000      13581.7
      2003.06
      6.00000      3.00000      7.00000      4.00000      86.3000      13567.2
      1999.60
      6.00000      2.00000      7.00000      3.00000      82.8000      13556.3
      1996.11
      6.00000      1.00000      7.00000      2.00000      76.9000      13549.0
      1992.58
      6.00000      0.00000      7.00000      1.00000      63.7000      13545.3
      1989.01
      6.00000      1.00000      7.00000      0.00000      189.000      13549.0
      1981.78
      6.00000      2.00000      7.00000      1.00000      125.000      13556.3
      1978.11
      6.00000      3.00000      7.00000      2.00000      112.000      13567.2
      1974.40
      6.00000      4.00000      7.00000      3.00000      106.000      13581.7
      1970.66
      6.00000      5.00000      7.00000      4.00000      103.000      13599.9
      1966.89
      6.00000      6.00000      7.00000      5.00000      100.000      13621.7
      1963.08
      6.00000      7.00000      7.00000      6.00000      98.5000      13647.1
      1959.24
      6.00000      8.00000      7.00000      7.00000      97.0000      13676.2
      1955.36
      6.00000      9.00000      7.00000      8.00000      95.8000      13708.9
      1951.45
      6.00000      10.0000      7.00000      9.00000      94.7000      13745.2
      1947.51
      6.00000      11.0000      7.00000      10.0000      93.7000      13785.2
      1943.53
      6.00000      12.0000      7.00000      11.0000      92.7000      13828.7
      1939.52
      6.00000      13.0000      7.00000      12.0000      91.9000      13875.9
      1935.48
      6.00000      14.0000      7.00000      13.0000      91.1000      13926.8
      1931.40
      6.00000      15.0000      7.00000      14.0000      90.3000      13981.2
      1927.29
      6.00000      16.0000      7.00000      15.0000      89.5000      14039.3
      1923.15
      6.00000      17.0000      7.00000      16.0000      88.8000      14101.0
      1918.98
      6.00000      18.0000      7.00000      17.0000      88.1000      14166.2
      1914.77
      6.00000      19.0000      7.00000      18.0000      87.4000      14235.1
      1910.53
      6.00000      20.0000      7.00000      19.0000      86.8000      14307.6
      1906.26
      6.00000      21.0000      7.00000      20.0000      86.1000      14383.8
      1901.95
      6.00000      22.0000      7.00000      21.0000      85.4000      14463.5
      1897.62
      6.00000      23.0000      7.00000      22.0000      84.8000      14546.8
      1893.25
      6.00000      24.0000      7.00000      23.0000      84.2000      14633.7
      1888.85
      6.00000      25.0000      7.00000      24.0000      83.5000      14724.2
      1884.42
      6.00000      26.0000      7.00000      25.0000      82.9000      14818.2
      1879.96
      6.00000      27.0000      7.00000      26.0000      82.3000      14915.9
      1875.47
      6.00000      28.0000      7.00000      27.0000      81.7000      15017.2
      1870.94
      6.00000      29.0000      7.00000      28.0000      81.1000      15122.0
      1866.39
      6.00000      30.0000      7.00000      29.0000      80.5000      15230.4
      1861.80
      6.00000      31.0000      7.00000      30.0000      79.9000      15342.3
      1857.18
      6.00000      32.0000      7.00000      31.0000      79.3000      15457.8
      1852.54
      6.00000      33.0000      7.00000      32.0000      78.7000      15576.9
      1847.86
      6.00000      34.0000      7.00000      33.0000      78.1000      15699.6
      1843.15
      6.00000      35.0000      7.00000      34.0000      77.5000      15825.7
      1838.42
      6.00000      36.0000      7.00000      35.0000      76.9000      15955.5
      1833.65
      6.00000      37.0000      7.00000      36.0000      76.3000      16088.7
      1828.85
      6.00000      38.0000      7.00000      37.0000      75.8000      16225.5
      1824.02
      6.00000      39.0000      7.00000      38.0000      75.2000      16365.8
      1819.17
      6.00000      40.0000      7.00000      39.0000      74.6000      16509.7
      1814.28
      6.00000      41.0000      7.00000      40.0000      74.0000      16657.0
      1809.37
      6.00000      42.0000      7.00000      41.0000      73.4000      16807.9
      1804.42
      6.00000      43.0000      7.00000      42.0000      72.9000      16962.2
      1799.45
      6.00000      44.0000      7.00000      43.0000      72.3000      17120.1
      1794.45
      6.00000      45.0000      7.00000      44.0000      71.7000      17281.5
      1789.42
      6.00000      46.0000      7.00000      45.0000      71.1000      17446.3
      1784.36
      6.00000      47.0000      7.00000      46.0000      70.6000      17614.6
      1779.27
      6.00000      48.0000      7.00000      47.0000      70.0000      17786.4
      1774.16
      6.00000      49.0000      7.00000      48.0000      69.4000      17961.6
      1769.02
      6.00000      50.0000      7.00000      49.0000      68.9000      18140.3
      1763.85
      6.00000      51.0000      7.00000      50.0000      68.3000      18322.5
      1758.65
      6.00000      52.0000      7.00000      51.0000      67.7000      18508.1
      1753.42
      6.00000      53.0000      7.00000      52.0000      67.2000      18697.1
      1748.17
      6.00000      54.0000      7.00000      53.0000      66.6000      18889.6
      1742.88
      6.00000      55.0000      7.00000      54.0000      66.1000      19085.4
      1737.58
      6.00000      56.0000      7.00000      55.0000      65.5000      19284.7
      1732.24
      6.00000      57.0000      7.00000      56.0000      65.0000      19487.4
      1726.88
      6.00000      58.0000      7.00000      57.0000      64.4000      19693.5
      1721.49
      6.00000      59.0000      7.00000      58.0000      63.8000      19902.9
      1716.07
      6.00000      60.0000      7.00000      59.0000      63.3000      20115.8
      1710.63
