      3.00000      59.0000      4.00000      60.0000      77.5000      13975.5
      2219.11
      3.00000      58.0000      4.00000      59.0000      77.3000      13759.8
      2217.73
      3.00000      57.0000      4.00000      58.0000      77.1000      13547.6
      2216.31
      3.00000      56.0000      4.00000      57.0000      76.9000      13339.0
      2214.84
      3.00000      55.0000      4.00000      56.0000      76.7000      13133.8
      2213.33
      3.00000      54.0000      4.00000      55.0000      76.5000      12932.2
      2211.77
      3.00000      53.0000      4.00000      54.0000      76.3000      12734.0
      2210.17
      3.00000      52.0000      4.00000      53.0000      76.0000      12539.4
      2208.53
      3.00000      51.0000      4.00000      52.0000      75.8000      12348.4
      2206.85
      3.00000      50.0000      4.00000      51.0000      75.6000      12160.9
      2205.12
      3.00000      49.0000      4.00000      50.0000      75.4000      11976.9
      2203.36
      3.00000      48.0000      4.00000      49.0000      75.1000      11796.5
      2201.55
      3.00000      47.0000      4.00000      48.0000      74.9000      11619.7
      2199.69
      3.00000      46.0000      4.00000      47.0000      74.7000      11446.5
      2197.80
      3.00000      45.0000      4.00000      46.0000      74.4000      11276.8
      2195.86
      3.00000      44.0000      4.00000      45.0000      74.2000      11110.7
      2193.88
      3.00000      43.0000      4.00000      44.0000      73.9000      10948.2
      2191.86
      3.00000      42.0000      4.00000      43.0000      73.7000      10789.4
      2189.80
      3.00000      41.0000      4.00000      42.0000      73.4000      10634.1
      2187.70
      3.00000      40.0000      4.00000      41.0000      73.1000      10482.4
      2185.55
      3.00000      39.0000      4.00000      40.0000      72.9000      10334.4
      2183.37
      3.00000      38.0000      4.00000      39.0000      72.6000      10190.0
      2181.14
      3.00000      37.0000      4.00000      38.0000      72.3000      10049.2
      2178.88
      3.00000      36.0000      4.00000      37.0000      72.0000      9912.05
      2176.57
      3.00000      35.0000      4.00000      36.0000      71.7000      9778.55
      2174.22
      3.00000      34.0000      4.00000      35.0000      71.5000      9648.70
      2171.83
      3.00000      33.0000      4.00000      34.0000      71.2000      9522.49
      2169.41
      3.00000      32.0000      4.00000      33.0000      70.9000      9399.95
      2166.94
      3.00000      31.0000      4.00000      32.0000      70.6000      9281.07
      2164.43
      3.00000      30.0000      4.00000      31.0000      70.3000      9165.86
      2161.88
      3.00000      29.0000      4.00000      30.0000      69.9000      9054.32
      2159.30
      3.00000      28.0000      4.00000      29.0000      69.6000      8946.45
      2156.67
      3.00000      27.0000      4.00000      28.0000      69.3000      8842.27
      2154.01
      3.00000      26.0000      4.00000      27.0000      69.0000      8741.77
      2151.30
      3.00000      25.0000      4.00000      26.0000      68.6000      8644.96
      2148.56
      3.00000      24.0000      4.00000      25.0000      68.3000      8551.84
      2145.77
      3.00000      23.0000      4.00000      24.0000      68.0000      8462.41
      2142.95
      3.00000      22.0000      4.00000      23.0000      67.6000      8376.69
      2140.09
      3.00000      21.0000      4.00000      22.0000      67.3000      8294.67
      2137.20
      3.00000      20.0000      4.00000      21.0000      66.9000      8216.36
      2134.26
      3.00000      19.0000      4.00000      20.0000      66.5000      8141.75
      2131.29
      3.00000      18.0000      4.00000      19.0000      66.1000      8070.86
      2128.27
      3.00000      17.0000      4.00000      18.0000      65.7000      8003.68
      2125.22
      3.00000      16.0000      4.00000      17.0000      65.3000      7940.22
      2122.14
      3.00000      15.0000      4.00000      16.0000      64.9000      7880.48
      2119.01
      3.00000      14.0000      4.00000      15.0000      64.5000      7824.46
      2115.85
      3.00000      13.0000      4.00000      14.0000      64.0000      7772.17
      2112.65
      3.00000      12.0000      4.00000      13.0000      63.6000      7723.60
      2109.41
      3.00000      11.0000      4.00000      12.0000      63.1000      7678.76
      2106.14
      3.00000      10.0000      4.00000      11.0000      62.5000      7637.65
      2102.83
      3.00000      9.00000      4.00000      10.0000      62.0000      7600.28
      2099.48
      3.00000      8.00000      4.00000      9.00000      61.3000      7566.63
      2096.10
      3.00000      7.00000      4.00000      8.00000      60.6000      7536.73
      2092.68
      3.00000      6.00000      4.00000      7.00000      59.8000      7510.55
      2089.22
      3.00000      5.00000      4.00000      6.00000      58.8000      7488.12
      2085.73
      3.00000      4.00000      4.00000      5.00000      57.7000      7469.42
      2082.20
      3.00000      3.00000      4.00000      4.00000      56.1000      7454.46
      2078.64
      3.00000      2.00000      4.00000      3.00000      53.8000      7443.24
      2075.04
      3.00000      1.00000      4.00000      2.00000      49.9000      7435.76
      2071.40
      3.00000      0.00000      4.00000      1.00000      41.4000      7432.02
      2067.74
      3.00000      1.00000      4.00000      0.00000      123.000      7435.76
      2060.29
      3.00000      2.00000      4.00000      1.00000      81.4000      7443.24
      2056.52
      3.00000      3.00000      4.00000      2.00000      72.9000      7454.46
      2052.71
      3.00000      4.00000      4.00000      3.00000      69.0000      7469.42
      2048.86
      3.00000      5.00000      4.00000      4.00000      66.7000      7488.12
      2044.98
      3.00000      6.00000      4.00000      5.00000      65.1000      7510.55
      2041.07
      3.00000      7.00000      4.00000      6.00000      63.9000      7536.73
      2037.12
      3.00000      8.00000      4.00000      7.00000      63.0000      7566.63
      2033.14
      3.00000      9.00000      4.00000      8.00000      62.1000      7600.28
      2029.13
      3.00000      10.0000      4.00000      9.00000      61.4000      7637.65
      2025.08
      3.00000      11.0000      4.00000      10.0000      60.7000      7678.76
      2021.00
      3.00000      12.0000      4.00000      11.0000      60.1000      7723.60
      2016.88
      3.00000      13.0000      4.00000      12.0000      59.6000      7772.17
      2012.73
      3.00000      14.0000      4.00000      13.0000      59.1000      7824.46
      2008.55
      3.00000      15.0000      4.00000      14.0000      58.5000      7880.48
      2004.34
      3.00000      16.0000      4.00000      15.0000      58.1000      7940.22
      2000.09
      3.00000      17.0000      4.00000      16.0000      57.6000      8003.68
      1995.81
      3.00000      18.0000      4.00000      17.0000      57.1000      8070.86
      1991.50
      3.00000      19.0000      4.00000      18.0000      56.7000      8141.75
      1987.15
      3.00000      20.0000      4.00000      19.0000      56.2000      8216.36
      1982.78
      3.00000      21.0000      4.00000      20.0000      55.8000      8294.67
      1978.37
      3.00000      22.0000      4.00000      21.0000      55.4000      8376.69
      1973.93
      3.00000      23.0000      4.00000      22.0000      55.0000      8462.41
      1969.45
      3.00000      24.0000      4.00000      23.0000      54.6000      8551.84
      1964.95
      3.00000      25.0000      4.00000      24.0000      54.2000      8644.96
      1960.41
      3.00000      26.0000      4.00000      25.0000      53.7000      8741.77
      1955.84
      3.00000      27.0000      4.00000      26.0000      53.3000      8842.27
      1951.25
      3.00000      28.0000      4.00000      27.0000      53.0000      8946.45
      1946.62
      3.00000      29.0000      4.00000      28.0000      52.6000      9054.32
      1941.96
      3.00000      30.0000      4.00000      29.0000      52.2000      9165.86
      1937.26
      3.00000      31.0000      4.00000      30.0000      51.8000      9281.07
      1932.54
      3.00000      32.0000      4.00000      31.0000      51.4000      9399.95
      1927.79
      3.00000      33.0000      4.00000      32.0000      51.0000      9522.49
      1923.01
      3.00000      34.0000      4.00000      33.0000      50.6000      9648.70
      1918.20
      3.00000      35.0000      4.00000      34.0000      50.2000      9778.55
      1913.35
      3.00000      36.0000      4.00000      35.0000      49.9000      9912.05
      1908.48
      3.00000      37.0000      4.00000      36.0000      49.5000      10049.2
      1903.58
      3.00000      38.0000      4.00000      37.0000      49.1000      10190.0
      1898.64
      3.00000      39.0000      4.00000      38.0000      48.7000      10334.4
      1893.68
      3.00000      40.0000      4.00000      39.0000      48.3000      10482.4
      1888.69
      3.00000      41.0000      4.00000      40.0000      48.0000      10634.1
      1883.67
      3.00000      42.0000      4.00000      41.0000      47.6000      10789.4
      1878.62
      3.00000      43.0000      4.00000      42.0000      47.2000      10948.2
      1873.55
      3.00000      44.0000      4.00000      43.0000      46.9000      11110.7
      1868.44
      3.00000      45.0000      4.00000      44.0000      46.5000      11276.8
      1863.30
      3.00000      46.0000      4.00000      45.0000      46.1000      11446.5
      1858.14
      3.00000      47.0000      4.00000      46.0000      45.8000      11619.7
      1852.95
      3.00000      48.0000      4.00000      47.0000      45.4000      11796.5
      1847.73
      3.00000      49.0000      4.00000      48.0000      45.0000      11976.9
      1842.48
      3.00000      50.0000      4.00000      49.0000      44.7000      12160.9
      1837.20
      3.00000      51.0000      4.00000      50.0000      44.3000      12348.4
      1831.90
      3.00000      52.0000      4.00000      51.0000      43.9000      12539.4
      1826.57
      3.00000      53.0000      4.00000      52.0000      43.6000      12734.0
      1821.21
      3.00000      54.0000      4.00000      53.0000      43.2000      12932.2
      1815.82
      3.00000      55.0000      4.00000      54.0000      42.9000      13133.8
      1810.41
      3.00000      56.0000      4.00000      55.0000      42.5000      13339.0
      1804.97
      3.00000      57.0000      4.00000      56.0000      42.1000      13547.6
      1799.50
      3.00000      58.0000      4.00000      57.0000      41.8000      13759.8
      1794.00
      3.00000      59.0000      4.00000      58.0000      41.4000      13975.5
      1788.48
      3.00000      60.0000      4.00000      59.0000      41.1000      14194.6
      1782.93
