      0.00000      59.0000      1.00000      60.0000      22.2000      7810.89
      2304.65
      0.00000      58.0000      1.00000      59.0000      22.1000      7589.03
      2303.17
      0.00000      57.0000      1.00000      58.0000      22.0000      7370.77
      2301.64
      0.00000      56.0000      1.00000      57.0000      22.0000      7156.12
      2300.06
      0.00000      55.0000      1.00000      56.0000      21.9000      6945.08
      2298.45
      0.00000      54.0000      1.00000      55.0000      21.9000      6737.66
      2296.79
      0.00000      53.0000      1.00000      54.0000      21.8000      6533.86
      2295.08
      0.00000      52.0000      1.00000      53.0000      21.7000      6333.70
      2293.34
      0.00000      51.0000      1.00000      52.0000      21.6000      6137.19
      2291.55
      0.00000      50.0000      1.00000      51.0000      21.6000      5944.33
      2289.72
      0.00000      49.0000      1.00000      50.0000      21.5000      5755.13
      2287.84
      0.00000      48.0000      1.00000      49.0000      21.4000      5569.59
      2285.93
      0.00000      47.0000      1.00000      48.0000      21.4000      5387.72
      2283.97
      0.00000      46.0000      1.00000      47.0000      21.3000      5209.54
      2281.97
      0.00000      45.0000      1.00000      46.0000      21.2000      5035.04
      2279.93
      0.00000      44.0000      1.00000      45.0000      21.1000      4864.24
      2277.84
      0.00000      43.0000      1.00000      44.0000      21.1000      4697.14
      2275.72
      0.00000      42.0000      1.00000      43.0000      21.0000      4533.74
      2273.55
      0.00000      41.0000      1.00000      42.0000      20.9000      4374.06
      2271.35
      0.00000      40.0000      1.00000      41.0000      20.8000      4218.10
      2269.10
      0.00000      39.0000      1.00000      40.0000      20.7000      4065.86
      2266.81
      0.00000      38.0000      1.00000      39.0000      20.7000      3917.35
      2264.48
      0.00000      37.0000      1.00000      38.0000      20.6000      3772.58
      2262.10
      0.00000      36.0000      1.00000      37.0000      20.5000      3631.55
      2259.69
      0.00000      35.0000      1.00000      36.0000      20.4000      3494.27
      2257.24
      0.00000      34.0000      1.00000      35.0000      20.3000      3360.74
      2254.75
      0.00000      33.0000      1.00000      34.0000      20.2000      3230.97
      2252.21
      0.00000      32.0000      1.00000      33.0000      20.1000      3104.96
      2249.64
      0.00000      31.0000      1.00000      32.0000      20.0000      2982.72
      2247.03
      0.00000      30.0000      1.00000      31.0000      20.0000      2864.25
      2244.38
      0.00000      29.0000      1.00000      30.0000      19.9000      2749.56
      2241.69
      0.00000      28.0000      1.00000      29.0000      19.8000      2638.65
      2238.95
      0.00000      27.0000      1.00000      28.0000      19.7000      2531.52
      2236.18
      0.00000      26.0000      1.00000      27.0000      19.6000      2428.19
      2233.37
      0.00000      25.0000      1.00000      26.0000      19.5000      2328.64
      2230.53
      0.00000      24.0000      1.00000      25.0000      19.4000      2232.90
      2227.64
      0.00000      23.0000      1.00000      24.0000      19.3000      2140.96
      2224.71
      0.00000      22.0000      1.00000      23.0000      19.2000      2052.82
      2221.75
      0.00000      21.0000      1.00000      22.0000      19.1000      1968.49
      2218.75
      0.00000      20.0000      1.00000      21.0000      19.0000      1887.97
      2215.70
      0.00000      19.0000      1.00000      20.0000      18.9000      1811.26
      2212.63
      0.00000      18.0000      1.00000      19.0000      18.7000      1738.37
      2209.51
      0.00000      17.0000      1.00000      18.0000      18.6000      1669.31
      2206.35
      0.00000      16.0000      1.00000      17.0000      18.5000      1604.06
      2203.16
      0.00000      15.0000      1.00000      16.0000      18.4000      1542.64
      2199.93
      0.00000      14.0000      1.00000      15.0000      18.3000      1485.05
      2196.66
      0.00000      13.0000      1.00000      14.0000      18.1000      1431.28
      2193.36
      0.00000      12.0000      1.00000      13.0000      18.0000      1381.35
      2190.02
      0.00000      11.0000      1.00000      12.0000      17.9000      1335.25
      2186.64
      0.00000      10.0000      1.00000      11.0000      17.7000      1292.99
      2183.22
      0.00000      9.00000      1.00000      10.0000      17.5000      1254.56
      2179.77
      0.00000      8.00000      1.00000      9.00000      17.4000      1219.98
      2176.28
      0.00000      7.00000      1.00000      8.00000      17.2000      1189.23
      2172.76
      0.00000      6.00000      1.00000      7.00000      16.9000      1162.32
      2169.20
      0.00000      5.00000      1.00000      6.00000      16.6000      1139.26
      2165.60
      0.00000      4.00000      1.00000      5.00000      16.3000      1120.03
      2161.97
      0.00000      3.00000      1.00000      4.00000      15.9000      1104.66
      2158.30
      0.00000      2.00000      1.00000      3.00000      15.2000      1093.12
      2154.60
      0.00000      1.00000      1.00000      2.00000      14.1000      1085.43
      2150.86
      0.00000      0.00000      1.00000      1.00000      11.7000      1081.59
      2147.08
      0.00000      1.00000      1.00000      0.00000      34.7000      1085.43
      2139.43
      0.00000      2.00000      1.00000      1.00000      23.0000      1093.12
      2135.55
      0.00000      3.00000      1.00000      2.00000      20.6000      1104.66
      2131.63
      0.00000      4.00000      1.00000      3.00000      19.5000      1120.03
      2127.68
      0.00000      5.00000      1.00000      4.00000      18.9000      1139.26
      2123.70
      0.00000      6.00000      1.00000      5.00000      18.4000      1162.32
      2119.68
      0.00000      7.00000      1.00000      6.00000      18.1000      1189.23
      2115.63
      0.00000      8.00000      1.00000      7.00000      17.8000      1219.98
      2111.54
      0.00000      9.00000      1.00000      8.00000      17.6000      1254.56
      2107.42
      0.00000      10.0000      1.00000      9.00000      17.3000      1292.99
      2103.27
      0.00000      11.0000      1.00000      10.0000      17.2000      1335.25
      2099.08
      0.00000      12.0000      1.00000      11.0000      17.0000      1381.35
      2094.86
      0.00000      13.0000      1.00000      12.0000      16.8000      1431.28
      2090.61
      0.00000      14.0000      1.00000      13.0000      16.7000      1485.05
      2086.32
      0.00000      15.0000      1.00000      14.0000      16.5000      1542.64
      2082.00
      0.00000      16.0000      1.00000      15.0000      16.4000      1604.06
      2077.65
      0.00000      17.0000      1.00000      16.0000      16.3000      1669.31
      2073.26
      0.00000      18.0000      1.00000      17.0000      16.1000      1738.37
      2068.85
      0.00000      19.0000      1.00000      18.0000      16.0000      1811.26
      2064.40
      0.00000      20.0000      1.00000      19.0000      15.9000      1887.97
      2059.91
      0.00000      21.0000      1.00000      20.0000      15.8000      1968.49
      2055.40
      0.00000      22.0000      1.00000      21.0000      15.6000      2052.82
      2050.85
      0.00000      23.0000      1.00000      22.0000      15.5000      2140.96
      2046.28
      0.00000      24.0000      1.00000      23.0000      15.4000      2232.90
      2041.67
      0.00000      25.0000      1.00000      24.0000      15.3000      2328.64
      2037.03
      0.00000      26.0000      1.00000      25.0000      15.2000      2428.19
      2032.35
      0.00000      27.0000      1.00000      26.0000      15.1000      2531.52
      2027.65
      0.00000      28.0000      1.00000      27.0000      14.9000      2638.65
      2022.91
      0.00000      29.0000      1.00000      28.0000      14.8000      2749.56
      2018.15
      0.00000      30.0000      1.00000      29.0000      14.7000      2864.25
      2013.35
      0.00000      31.0000      1.00000      30.0000      14.6000      2982.72
      2008.53
      0.00000      32.0000      1.00000      31.0000      14.5000      3104.96
      2003.67
      0.00000      33.0000      1.00000      32.0000      14.4000      3230.97
      1998.78
      0.00000      34.0000      1.00000      33.0000      14.3000      3360.74
      1993.86
      0.00000      35.0000      1.00000      34.0000      14.2000      3494.27
      1988.91
      0.00000      36.0000      1.00000      35.0000      14.1000      3631.55
      1983.94
      0.00000      37.0000      1.00000      36.0000      14.0000      3772.58
      1978.93
      0.00000      38.0000      1.00000      37.0000      13.9000      3917.35
      1973.89
      0.00000      39.0000      1.00000      38.0000      13.8000      4065.86
      1968.82
      0.00000      40.0000      1.00000      39.0000      13.7000      4218.10
      1963.73
      0.00000      41.0000      1.00000      40.0000      13.5000      4374.06
      1958.60
      0.00000      42.0000      1.00000      41.0000      13.4000      4533.74
      1953.45
      0.00000      43.0000      1.00000      42.0000      13.3000      4697.14
      1948.27
      0.00000      44.0000      1.00000      43.0000      13.2000      4864.24
      1943.05
      0.00000      45.0000      1.00000      44.0000      13.1000      5035.04
      1937.81
      0.00000      46.0000      1.00000      45.0000      13.0000      5209.54
      1932.54
      0.00000      47.0000      1.00000      46.0000      12.9000      5387.72
      1927.25
      0.00000      48.0000      1.00000      47.0000      12.8000      5569.59
      1921.92
      0.00000      49.0000      1.00000      48.0000      12.7000      5755.13
      1916.57
      0.00000      50.0000      1.00000      49.0000      12.6000      5944.33
      1911.19
      0.00000      51.0000      1.00000      50.0000      12.5000      6137.19
      1905.78
      0.00000      52.0000      1.00000      51.0000      12.4000      6333.70
      1900.34
      0.00000      53.0000      1.00000      52.0000      12.3000      6533.86
      1894.88
      0.00000      54.0000      1.00000      53.0000      12.2000      6737.66
      1889.39
      0.00000      55.0000      1.00000      54.0000      12.1000      6945.08
      1883.87
      0.00000      56.0000      1.00000      55.0000      12.0000      7156.12
      1878.32
      0.00000      57.0000      1.00000      56.0000      11.9000      7370.77
      1872.75
      0.00000      58.0000      1.00000      57.0000      11.8000      7589.03
      1867.15
      0.00000      59.0000      1.00000      58.0000      11.7000      7810.89
      1861.52
      0.00000      60.0000      1.00000      59.0000      11.6000      8036.33
      1855.87
