      1.00000      59.0000      2.00000      60.0000      42.4000      9892.20
      2276.07
      1.00000      58.0000      2.00000      59.0000      42.3000      9672.41
      2274.62
      1.00000      57.0000      2.00000      58.0000      42.2000      9456.18
      2273.13
      1.00000      56.0000      2.00000      57.0000      42.1000      9243.52
      2271.59
      1.00000      55.0000      2.00000      56.0000      41.9000      9034.44
      2270.01
      1.00000      54.0000      2.00000      55.0000      41.8000      8828.94
      2268.38
      1.00000      53.0000      2.00000      54.0000      41.7000      8627.04
      2266.71
      1.00000      52.0000      2.00000      53.0000      41.6000      8428.74
      2265.00
      1.00000      51.0000      2.00000      52.0000      41.4000      8234.04
      2263.25
      1.00000      50.0000      2.00000      51.0000      41.3000      8042.97
      2261.45
      1.00000      49.0000      2.00000      50.0000      41.2000      7855.52
      2259.61
      1.00000      48.0000      2.00000      49.0000      41.0000      7671.69
      2257.73
      1.00000      47.0000      2.00000      48.0000      40.9000      7491.51
      2255.81
      1.00000      46.0000      2.00000      47.0000      40.8000      7314.97
      2253.85
      1.00000      45.0000      2.00000      46.0000      40.6000      7142.08
      2251.84
      1.00000      44.0000      2.00000      45.0000      40.5000      6972.86
      2249.79
      1.00000      43.0000      2.00000      44.0000      40.3000      6807.30
      2247.70
      1.00000      42.0000      2.00000      43.0000      40.2000      6645.40
      2245.57
      1.00000      41.0000      2.00000      42.0000      40.0000      6487.19
      2243.40
      1.00000      40.0000      2.00000      41.0000      39.9000      6332.66
      2241.18
      1.00000      39.0000      2.00000      40.0000      39.7000      6181.82
      2238.93
      1.00000      38.0000      2.00000      39.0000      39.6000      6034.68
      2236.63
      1.00000      37.0000      2.00000      38.0000      39.4000      5891.24
      2234.30
      1.00000      36.0000      2.00000      37.0000      39.3000      5751.51
      2231.92
      1.00000      35.0000      2.00000      36.0000      39.1000      5615.48
      2229.50
      1.00000      34.0000      2.00000      35.0000      38.9000      5483.18
      2227.04
      1.00000      33.0000      2.00000      34.0000      38.8000      5354.60
      2224.55
      1.00000      32.0000      2.00000      33.0000      38.6000      5229.75
      2222.01
      1.00000      31.0000      2.00000      32.0000      38.4000      5108.63
      2219.43
      1.00000      30.0000      2.00000      31.0000      38.3000      4991.24
      2216.81
      1.00000      29.0000      2.00000      30.0000      38.1000      4877.60
      2214.16
      1.00000      28.0000      2.00000      29.0000      37.9000      4767.71
      2211.46
      1.00000      27.0000      2.00000      28.0000      37.7000      4661.56
      2208.72
      1.00000      26.0000      2.00000      27.0000      37.6000      4559.17
      2205.95
      1.00000      25.0000      2.00000      26.0000      37.4000      4460.54
      2203.14
      1.00000      24.0000      2.00000      25.0000      37.2000      4365.67
      2200.28
      1.00000      23.0000      2.00000      24.0000      37.0000      4274.57
      2197.39
      1.00000      22.0000      2.00000      23.0000      36.8000      4187.23
      2194.46
      1.00000      21.0000      2.00000      22.0000      36.6000      4103.67
      2191.50
      1.00000      20.0000      2.00000      21.0000      36.4000      4023.89
      2188.49
      1.00000      19.0000      2.00000      20.0000      36.2000      3947.88
      2185.45
      1.00000      18.0000      2.00000      19.0000      36.0000      3875.66
      2182.36
      1.00000      17.0000      2.00000      18.0000      35.8000      3807.22
      2179.24
      1.00000      16.0000      2.00000      17.0000      35.5000      3742.57
      2176.09
      1.00000      15.0000      2.00000      16.0000      35.3000      3681.71
      2172.89
      1.00000      14.0000      2.00000      15.0000      35.1000      3624.64
      2169.66
      1.00000      13.0000      2.00000      14.0000      34.8000      3571.37
      2166.39
      1.00000      12.0000      2.00000      13.0000      34.6000      3521.89
      2163.08
      1.00000      11.0000      2.00000      12.0000      34.3000      3476.21
      2159.74
      1.00000      10.0000      2.00000      11.0000      34.0000      3434.34
      2156.36
      1.00000      9.00000      2.00000      10.0000      33.7000      3396.26
      2152.94
      1.00000      8.00000      2.00000      9.00000      33.3000      3361.99
      2149.49
      1.00000      7.00000      2.00000      8.00000      32.9000      3331.52
      2146.00
      1.00000      6.00000      2.00000      7.00000      32.5000      3304.86
      2142.47
      1.00000      5.00000      2.00000      6.00000      32.0000      3282.00
      2138.91
      1.00000      4.00000      2.00000      5.00000      31.3000      3262.95
      2135.31
      1.00000      3.00000      2.00000      4.00000      30.5000      3247.72
      2131.68
      1.00000      2.00000      2.00000      3.00000      29.2000      3236.29
      2128.01
      1.00000      1.00000      2.00000      2.00000      27.1000      3228.67
      2124.31
      1.00000      0.00000      2.00000      1.00000      22.5000      3224.86
      2120.57
      1.00000      1.00000      2.00000      0.00000      66.7000      3228.67
      2112.98
      1.00000      2.00000      2.00000      1.00000      44.2000      3236.29
      2109.14
      1.00000      3.00000      2.00000      2.00000      39.6000      3247.72
      2105.26
      1.00000      4.00000      2.00000      3.00000      37.5000      3262.95
      2101.34
      1.00000      5.00000      2.00000      4.00000      36.2000      3282.00
      2097.39
      1.00000      6.00000      2.00000      5.00000      35.4000      3304.86
      2093.41
      1.00000      7.00000      2.00000      6.00000      34.7000      3331.52
      2089.39
      1.00000      8.00000      2.00000      7.00000      34.2000      3361.99
      2085.34
      1.00000      9.00000      2.00000      8.00000      33.7000      3396.26
      2081.26
      1.00000      10.0000      2.00000      9.00000      33.3000      3434.34
      2077.14
      1.00000      11.0000      2.00000      10.0000      33.0000      3476.21
      2072.99
      1.00000      12.0000      2.00000      11.0000      32.6000      3521.89
      2068.80
      1.00000      13.0000      2.00000      12.0000      32.3000      3571.37
      2064.58
      1.00000      14.0000      2.00000      13.0000      32.0000      3624.64
      2060.33
      1.00000      15.0000      2.00000      14.0000      31.8000      3681.71
      2056.05
      1.00000      16.0000      2.00000      15.0000      31.5000      3742.57
      2051.73
      1.00000      17.0000      2.00000      16.0000      31.2000      3807.22
      2047.38
      1.00000      18.0000      2.00000      17.0000      31.0000      3875.66
      2043.00
      1.00000      19.0000      2.00000      18.0000      30.7000      3947.88
      2038.58
      1.00000      20.0000      2.00000      19.0000      30.5000      4023.89
      2034.14
      1.00000      21.0000      2.00000      20.0000      30.3000      4103.67
      2029.66
      1.00000      22.0000      2.00000      21.0000      30.0000      4187.23
      2025.14
      1.00000      23.0000      2.00000      22.0000      29.8000      4274.57
      2020.60
      1.00000      24.0000      2.00000      23.0000      29.6000      4365.67
      2016.03
      1.00000      25.0000      2.00000      24.0000      29.4000      4460.54
      2011.42
      1.00000      26.0000      2.00000      25.0000      29.2000      4559.17
      2006.78
      1.00000      27.0000      2.00000      26.0000      28.9000      4661.56
      2002.12
      1.00000      28.0000      2.00000      27.0000      28.7000      4767.71
      1997.42
      1.00000      29.0000      2.00000      28.0000      28.5000      4877.60
      1992.68
      1.00000      30.0000      2.00000      29.0000      28.3000      4991.24
      1987.92
      1.00000      31.0000      2.00000      30.0000      28.1000      5108.63
      1983.13
      1.00000      32.0000      2.00000      31.0000      27.9000      5229.75
      1978.31
      1.00000      33.0000      2.00000      32.0000      27.7000      5354.60
      1973.46
      1.00000      34.0000      2.00000      33.0000      27.5000      5483.18
      1968.57
      1.00000      35.0000      2.00000      34.0000      27.3000      5615.48
      1963.66
      1.00000      36.0000      2.00000      35.0000      27.0000      5751.51
      1958.72
      1.00000      37.0000      2.00000      36.0000      26.8000      5891.24
      1953.74
      1.00000      38.0000      2.00000      37.0000      26.6000      6034.68
      1948.74
      1.00000      39.0000      2.00000      38.0000      26.4000      6181.82
      1943.71
      1.00000      40.0000      2.00000      39.0000      26.2000      6332.66
      1938.65
      1.00000      41.0000      2.00000      40.0000      26.0000      6487.19
      1933.56
      1.00000      42.0000      2.00000      41.0000      25.8000      6645.40
      1928.44
      1.00000      43.0000      2.00000      42.0000      25.6000      6807.30
      1923.29
      1.00000      44.0000      2.00000      43.0000      25.4000      6972.86
      1918.12
      1.00000      45.0000      2.00000      44.0000      25.2000      7142.09
      1912.91
      1.00000      46.0000      2.00000      45.0000      25.0000      7314.97
      1907.68
      1.00000      47.0000      2.00000      46.0000      24.8000      7491.51
      1902.41
      1.00000      48.0000      2.00000      47.0000      24.6000      7671.69
      1897.12
      1.00000      49.0000      2.00000      48.0000      24.4000      7855.52
      1891.81
      1.00000      50.0000      2.00000      49.0000      24.2000      8042.97
      1886.46
      1.00000      51.0000      2.00000      50.0000      24.0000      8234.05
      1881.08
      1.00000      52.0000      2.00000      51.0000      23.8000      8428.74
      1875.68
      1.00000      53.0000      2.00000      52.0000      23.7000      8627.04
      1870.25
      1.00000      54.0000      2.00000      53.0000      23.5000      8828.94
      1864.80
      1.00000      55.0000      2.00000      54.0000      23.3000      9034.44
      1859.31
      1.00000      56.0000      2.00000      55.0000      23.1000      9243.52
      1853.80
      1.00000      57.0000      2.00000      56.0000      22.9000      9456.18
      1848.26
      1.00000      58.0000      2.00000      57.0000      22.7000      9672.41
      1842.70
      1.00000      59.0000      2.00000      58.0000      22.5000      9892.20
      1837.11
      1.00000      60.0000      2.00000      59.0000      22.3000      10115.5
      1831.49
