      5.00000      59.0000      6.00000      60.0000      106.000      17953.3
      2162.43
      5.00000      58.0000      6.00000      59.0000      106.000      17741.8
      2161.12
      5.00000      57.0000      6.00000      58.0000      105.000      17533.7
      2159.77
      5.00000      56.0000      6.00000      57.0000      105.000      17329.0
      2158.37
      5.00000      55.0000      6.00000      56.0000      105.000      17127.8
      2156.93
      5.00000      54.0000      6.00000      55.0000      105.000      16930.0
      2155.44
      5.00000      53.0000      6.00000      54.0000      104.000      16735.6
      2153.92
      5.00000      52.0000      6.00000      53.0000      104.000      16544.8
      2152.35
      5.00000      51.0000      6.00000      52.0000      104.000      16357.3
      2150.73
      5.00000      50.0000      6.00000      51.0000      104.000      16173.4
      2149.08
      5.00000      49.0000      6.00000      50.0000      103.000      15993.0
      2147.38
      5.00000      48.0000      6.00000      49.0000      103.000      15816.0
      2145.64
      5.00000      47.0000      6.00000      48.0000      103.000      15642.5
      2143.85
      5.00000      46.0000      6.00000      47.0000      102.000      15472.6
      2142.03
      5.00000      45.0000      6.00000      46.0000      102.000      15306.1
      2140.16
      5.00000      44.0000      6.00000      45.0000      102.000      15143.2
      2138.25
      5.00000      43.0000      6.00000      44.0000      101.000      14983.8
      2136.30
      5.00000      42.0000      6.00000      43.0000      101.000      14827.9
      2134.31
      5.00000      41.0000      6.00000      42.0000      101.000      14675.6
      2132.28
      5.00000      40.0000      6.00000      41.0000      100.000      14526.8
      2130.21
      5.00000      39.0000      6.00000      40.0000      100.000      14381.6
      2128.09
      5.00000      38.0000      6.00000      39.0000      99.6000      14239.9
      2125.93
      5.00000      37.0000      6.00000      38.0000      99.2000      14101.8
      2123.74
      5.00000      36.0000      6.00000      37.0000      98.9000      13967.2
      2121.50
      5.00000      35.0000      6.00000      36.0000      98.5000      13836.2
      2119.22
      5.00000      34.0000      6.00000      35.0000      98.1000      13708.8
      2116.90
      5.00000      33.0000      6.00000      34.0000      97.7000      13585.0
      2114.55
      5.00000      32.0000      6.00000      33.0000      97.3000      13464.8
      2112.15
      5.00000      31.0000      6.00000      32.0000      96.9000      13348.1
      2109.71
      5.00000      30.0000      6.00000      31.0000      96.5000      13235.1
      2107.23
      5.00000      29.0000      6.00000      30.0000      96.1000      13125.7
      2104.72
      5.00000      28.0000      6.00000      29.0000      95.7000      13019.8
      2102.16
      5.00000      27.0000      6.00000      28.0000      95.3000      12917.6
      2099.56
      5.00000      26.0000      6.00000      27.0000      94.8000      12819.0
      2096.93
      5.00000      25.0000      6.00000      26.0000      94.4000      12724.0
      2094.26
      5.00000      24.0000      6.00000      25.0000      93.9000      12632.6
      2091.54
      5.00000      23.0000      6.00000      24.0000      93.5000      12544.9
      2088.79
      5.00000      22.0000      6.00000      23.0000      93.0000      12460.8
      2086.00
      5.00000      21.0000      6.00000      22.0000      92.5000      12380.3
      2083.17
      5.00000      20.0000      6.00000      21.0000      92.0000      12303.4
      2080.31
      5.00000      19.0000      6.00000      20.0000      91.5000      12230.2
      2077.40
      5.00000      18.0000      6.00000      19.0000      91.0000      12160.7
      2074.46
      5.00000      17.0000      6.00000      18.0000      90.5000      12094.8
      2071.48
      5.00000      16.0000      6.00000      17.0000      89.9000      12032.5
      2068.46
      5.00000      15.0000      6.00000      16.0000      89.4000      11973.9
      2065.41
      5.00000      14.0000      6.00000      15.0000      88.8000      11918.9
      2062.32
      5.00000      13.0000      6.00000      14.0000      88.2000      11867.6
      2059.19
      5.00000      12.0000      6.00000      13.0000      87.5000      11819.9
      2056.02
      5.00000      11.0000      6.00000      12.0000      86.8000      11775.9
      2052.81
      5.00000      10.0000      6.00000      11.0000      86.1000      11735.6
      2049.57
      5.00000      9.00000      6.00000      10.0000      85.3000      11698.9
      2046.30
      5.00000      8.00000      6.00000      9.00000      84.5000      11665.9
      2042.98
      5.00000      7.00000      6.00000      8.00000      83.5000      11636.5
      2039.63
      5.00000      6.00000      6.00000      7.00000      82.4000      11610.9
      2036.25
      5.00000      5.00000      6.00000      6.00000      81.1000      11588.8
      2032.83
      5.00000      4.00000      6.00000      5.00000      79.4000      11570.5
      2029.37
      5.00000      3.00000      6.00000      4.00000      77.3000      11555.8
      2025.87
      5.00000      2.00000      6.00000      3.00000      74.1000      11544.8
      2022.35
      5.00000      1.00000      6.00000      2.00000      68.8000      11537.5
      2018.78
      5.00000      0.00000      6.00000      1.00000      57.0000      11533.8
      2015.18
      5.00000      1.00000      6.00000      0.00000      169.000      11537.5
      2007.88
      5.00000      2.00000      6.00000      1.00000      112.000      11544.8
      2004.17
      5.00000      3.00000      6.00000      2.00000      100.000      11555.8
      2000.43
      5.00000      4.00000      6.00000      3.00000      95.2000      11570.5
      1996.66
      5.00000      5.00000      6.00000      4.00000      92.0000      11588.8
      1992.85
      5.00000      6.00000      6.00000      5.00000      89.8000      11610.9
      1989.01
      5.00000      7.00000      6.00000      6.00000      88.2000      11636.5
      1985.13
      5.00000      8.00000      6.00000      7.00000      86.8000      11665.9
      1981.22
      5.00000      9.00000      6.00000      8.00000      85.7000      11698.9
      1977.27
      5.00000      10.0000      6.00000      9.00000      84.7000      11735.6
      1973.29
      5.00000      11.0000      6.00000      10.0000      83.8000      11775.9
      1969.28
      5.00000      12.0000      6.00000      11.0000      83.0000      11819.9
      1965.24
      5.00000      13.0000      6.00000      12.0000      82.2000      11867.6
      1961.16
      5.00000      14.0000      6.00000      13.0000      81.5000      11918.9
      1957.05
      5.00000      15.0000      6.00000      14.0000      80.8000      11973.9
      1952.90
      5.00000      16.0000      6.00000      15.0000      80.1000      12032.5
      1948.73
      5.00000      17.0000      6.00000      16.0000      79.4000      12094.8
      1944.52
      5.00000      18.0000      6.00000      17.0000      78.8000      12160.7
      1940.27
      5.00000      19.0000      6.00000      18.0000      78.2000      12230.2
      1936.00
      5.00000      20.0000      6.00000      19.0000      77.6000      12303.4
      1931.69
      5.00000      21.0000      6.00000      20.0000      77.0000      12380.3
      1927.35
      5.00000      22.0000      6.00000      21.0000      76.4000      12460.8
      1922.98
      5.00000      23.0000      6.00000      22.0000      75.8000      12544.9
      1918.58
      5.00000      24.0000      6.00000      23.0000      75.3000      12632.6
      1914.15
      5.00000      25.0000      6.00000      24.0000      74.7000      12724.0
      1909.68
      5.00000      26.0000      6.00000      25.0000      74.2000      12819.0
      1905.18
      5.00000      27.0000      6.00000      26.0000      73.6000      12917.6
      1900.65
      5.00000      28.0000      6.00000      27.0000      73.1000      13019.8
      1896.09
      5.00000      29.0000      6.00000      28.0000      72.5000      13125.7
      1891.50
      5.00000      30.0000      6.00000      29.0000      72.0000      13235.1
      1886.88
      5.00000      31.0000      6.00000      30.0000      71.4000      13348.1
      1882.23
      5.00000      32.0000      6.00000      31.0000      70.9000      13464.8
      1877.55
      5.00000      33.0000      6.00000      32.0000      70.4000      13585.0
      1872.84
      5.00000      34.0000      6.00000      33.0000      69.8000      13708.8
      1868.09
      5.00000      35.0000      6.00000      34.0000      69.3000      13836.2
      1863.32
      5.00000      36.0000      6.00000      35.0000      68.8000      13967.2
      1858.52
      5.00000      37.0000      6.00000      36.0000      68.3000      14101.8
      1853.69
      5.00000      38.0000      6.00000      37.0000      67.7000      14239.9
      1848.83
      5.00000      39.0000      6.00000      38.0000      67.2000      14381.6
      1843.93
      5.00000      40.0000      6.00000      39.0000      66.7000      14526.8
      1839.01
      5.00000      41.0000      6.00000      40.0000      66.2000      14675.6
      1834.06
      5.00000      42.0000      6.00000      41.0000      65.7000      14827.9
      1829.08
      5.00000      43.0000      6.00000      42.0000      65.2000      14983.8
      1824.08
      5.00000      44.0000      6.00000      43.0000      64.6000      15143.2
      1819.04
      5.00000      45.0000      6.00000      44.0000      64.1000      15306.1
      1813.97
      5.00000      46.0000      6.00000      45.0000      63.6000      15472.6
      1808.88
      5.00000      47.0000      6.00000      46.0000      63.1000      15642.5
      1803.76
      5.00000      48.0000      6.00000      47.0000      62.6000      15816.0
      1798.61
      5.00000      49.0000      6.00000      48.0000      62.1000      15993.0
      1793.43
      5.00000      50.0000      6.00000      49.0000      61.6000      16173.4
      1788.22
      5.00000      51.0000      6.00000      50.0000      61.1000      16357.3
      1782.99
      5.00000      52.0000      6.00000      51.0000      60.6000      16544.8
      1777.73
      5.00000      53.0000      6.00000      52.0000      60.1000      16735.6
      1772.44
      5.00000      54.0000      6.00000      53.0000      59.6000      16930.0
      1767.12
      5.00000      55.0000      6.00000      54.0000      59.1000      17127.8
      1761.78
      5.00000      56.0000      6.00000      55.0000      58.6000      17329.0
      1756.41
      5.00000      57.0000      6.00000      56.0000      58.1000      17533.7
      1751.01
      5.00000      58.0000      6.00000      57.0000      57.6000      17741.8
      1745.59
      5.00000      59.0000      6.00000      58.0000      57.1000      17953.3
      1740.14
      5.00000      60.0000      6.00000      59.0000      56.6000      18168.3
      1734.66
