      0.00000      1.00000      2.00000
      59.0000      59.0000      59.0000
      1.00000      2.00000      3.00000
      60.0000      60.0000      60.0000
      20.2000      38.7000      55.5000
      7494.10      9532.26      11545.1
      2251.94      2224.67      2197.45

      0.00000      1.00000      2.00000
      58.0000      58.0000      58.0000
      1.00000      2.00000      3.00000
      59.0000      59.0000      59.0000
      20.1000      38.6000      55.4000
      7281.79      9321.88      11336.7
      2250.47      2223.22      2196.04

      0.00000      1.00000      2.00000
      57.0000      57.0000      57.0000
      1.00000      2.00000      3.00000
      58.0000      58.0000      58.0000
      20.1000      38.5000      55.2000
      7072.93      9114.92      11131.6
      2248.95      2221.74      2194.59

      0.00000      1.00000      2.00000
      56.0000      56.0000      56.0000
      1.00000      2.00000      3.00000
      57.0000      57.0000      57.0000
      20.0000      38.4000      55.1000
      6867.53      8911.38      10929.9
      2247.39      2220.21      2193.10

      0.00000      1.00000      2.00000
      55.0000      55.0000      55.0000
      1.00000      2.00000      3.00000
      56.0000      56.0000      56.0000
      20.0000      38.3000      55.0000
      6665.59      8711.27      10731.6
      2245.79      2218.65      2191.56

      0.00000      1.00000      2.00000
      54.0000      54.0000      54.0000
      1.00000      2.00000      3.00000
      55.0000      55.0000      55.0000
      19.9000      38.2000      54.8000
      6467.12      8514.60      10536.8
      2244.15      2217.04      2189.99

      0.00000      1.00000      2.00000
      53.0000      53.0000      53.0000
      1.00000      2.00000      3.00000
      54.0000      54.0000      54.0000
      19.8000      38.0000      54.7000
      6272.12      8321.37      10345.3
      2242.48      2215.40      2188.38

      0.00000      1.00000      2.00000
      52.0000      52.0000      52.0000
      1.00000      2.00000      3.00000
      53.0000      53.0000      53.0000
      19.8000      37.9000      54.5000
      6080.62      8131.60      10157.3
      2240.76      2213.71      2186.72

      0.00000      1.00000      2.00000
      51.0000      51.0000      51.0000
      1.00000      2.00000      3.00000
      52.0000      52.0000      52.0000
      19.7000      37.8000      54.4000
      5892.60      7945.29      9972.66
      2239.00      2211.98      2185.03

      0.00000      1.00000      2.00000
      50.0000      50.0000      50.0000
      1.00000      2.00000      3.00000
      51.0000      51.0000      51.0000
      19.7000      37.7000      54.2000
      5708.09      7762.44      9791.48
      2237.20      2210.22      2183.30

      0.00000      1.00000      2.00000
      49.0000      49.0000      49.0000
      1.00000      2.00000      3.00000
      50.0000      50.0000      50.0000
      19.6000      37.6000      54.1000
      5527.08      7583.07      9613.74
      2235.36      2208.42      2181.53

      0.00000      1.00000      2.00000
      48.0000      48.0000      48.0000
      1.00000      2.00000      3.00000
      49.0000      49.0000      49.0000
      19.5000      37.5000      53.9000
      5349.58      7407.17      9439.45
      2233.49      2206.57      2179.72

      0.00000      1.00000      2.00000
      47.0000      47.0000      47.0000
      1.00000      2.00000      3.00000
      48.0000      48.0000      48.0000
      19.5000      37.3000      53.8000
      5175.60      7234.76      9268.61
      2231.57      2204.69      2177.87

      0.00000      1.00000      2.00000
      46.0000      46.0000      46.0000
      1.00000      2.00000      3.00000
      47.0000      47.0000      47.0000
      19.4000      37.2000      53.6000
      5005.15      7065.85      9101.24
      2229.62      2202.77      2175.98

      0.00000      1.00000      2.00000
      45.0000      45.0000      45.0000
      1.00000      2.00000      3.00000
      46.0000      46.0000      46.0000
      19.3000      37.1000      53.4000
      4838.22      6900.43      8937.32
      2227.62      2200.81      2174.05

      0.00000      1.00000      2.00000
      44.0000      44.0000      44.0000
      1.00000      2.00000      3.00000
      45.0000      45.0000      45.0000
      19.3000      36.9000      53.3000
      4674.84      6738.52      8776.88
      2225.59      2198.81      2172.08

      0.00000      1.00000      2.00000
      43.0000      43.0000      43.0000
      1.00000      2.00000      3.00000
      44.0000      44.0000      44.0000
      19.2000      36.8000      53.1000
      4515.00      6580.12      8619.92
      2223.52      2196.77      2170.07

      0.00000      1.00000      2.00000
      42.0000      42.0000      42.0000
      1.00000      2.00000      3.00000
      43.0000      43.0000      43.0000
      19.1000      36.7000      52.9000
      4358.71      6425.23      8466.44
      2221.41      2194.69      2168.03

      0.00000      1.00000      2.00000
      41.0000      41.0000      41.0000
      1.00000      2.00000      3.00000
      42.0000      42.0000      42.0000
      19.0000      36.5000      52.7000
      4205.97      6273.87      8316.46
      2219.26      2192.57      2165.95

      0.00000      1.00000      2.00000
      40.0000      40.0000      40.0000
      1.00000      2.00000      3.00000
      41.0000      41.0000      41.0000
      19.0000      36.4000      52.6000
      4056.80      6126.04      8169.96
      2217.07      2190.42      2163.83

      0.00000      1.00000      2.00000
      39.0000      39.0000      39.0000
      1.00000      2.00000      3.00000
      40.0000      40.0000      40.0000
      18.9000      36.3000      52.4000
      3911.19      5981.74      8026.97
      2214.85      2188.23      2161.67

      0.00000      1.00000      2.00000
      38.0000      38.0000      38.0000
      1.00000      2.00000      3.00000
      39.0000      39.0000      39.0000
      18.8000      36.1000      52.2000
      3769.15      5840.98      7887.49
      2212.59      2186.00      2159.47

      0.00000      1.00000      2.00000
      37.0000      37.0000      37.0000
      1.00000      2.00000      3.00000
      38.0000      38.0000      38.0000
      18.8000      36.0000      52.0000
      3630.69      5703.76      7751.51
      2210.29      2183.73      2157.23

      0.00000      1.00000      2.00000
      36.0000      36.0000      36.0000
      1.00000      2.00000      3.00000
      37.0000      37.0000      37.0000
      18.7000      35.8000      51.8000
      3495.81      5570.09      7619.05
      2207.95      2181.42      2154.96

      0.00000      1.00000      2.00000
      35.0000      35.0000      35.0000
      1.00000      2.00000      3.00000
      36.0000      36.0000      36.0000
      18.6000      35.7000      51.6000
      3364.52      5439.98      7490.12
      2205.57      2179.08      2152.65

      0.00000      1.00000      2.00000
      34.0000      34.0000      34.0000
      1.00000      2.00000      3.00000
      35.0000      35.0000      35.0000
      18.5000      35.5000      51.4000
      3236.82      5313.42      7364.71
      2203.16      2176.70      2150.30

      0.00000      1.00000      2.00000
      33.0000      33.0000      33.0000
      1.00000      2.00000      3.00000
      34.0000      34.0000      34.0000
      18.4000      35.4000      51.2000
      3112.72      5190.43      7242.83
      2200.71      2174.28      2147.91

      0.00000      1.00000      2.00000
      32.0000      32.0000      32.0000
      1.00000      2.00000      3.00000
      33.0000      33.0000      33.0000
      18.4000      35.2000      51.0000
      2992.21      5071.01      7124.48
      2198.22      2171.82      2145.49

      0.00000      1.00000      2.00000
      31.0000      31.0000      31.0000
      1.00000      2.00000      3.00000
      32.0000      32.0000      32.0000
      18.3000      35.1000      50.8000
      2875.31      4955.15      7009.68
      2195.69      2169.33      2143.03

      0.00000      1.00000      2.00000
      30.0000      30.0000      30.0000
      1.00000      2.00000      3.00000
      31.0000      31.0000      31.0000
      18.2000      34.9000      50.6000
      2762.03      4842.88      6898.42
      2193.13      2166.80      2140.53

      0.00000      1.00000      2.00000
      29.0000      29.0000      29.0000
      1.00000      2.00000      3.00000
      30.0000      30.0000      30.0000
      18.1000      34.8000      50.4000
      2652.35      4734.19      6790.71
      2190.53      2164.23      2138.00

      0.00000      1.00000      2.00000
      28.0000      28.0000      28.0000
      1.00000      2.00000      3.00000
      29.0000      29.0000      29.0000
      18.0000      34.6000      50.1000
      2546.29      4629.08      6686.55
      2187.89      2161.63      2135.43

      0.00000      1.00000      2.00000
      27.0000      27.0000      27.0000
      1.00000      2.00000      3.00000
      28.0000      28.0000      28.0000
      17.9000      34.5000      49.9000
      2443.86      4527.56      6585.94
      2185.22      2158.99      2132.82

      0.00000      1.00000      2.00000
      26.0000      26.0000      26.0000
      1.00000      2.00000      3.00000
      27.0000      27.0000      27.0000
      17.9000      34.3000      49.7000
      2345.05      4429.63      6488.90
      2182.51      2156.31      2130.18

      0.00000      1.00000      2.00000
      25.0000      25.0000      25.0000
      1.00000      2.00000      3.00000
      26.0000      26.0000      26.0000
      17.8000      34.1000      49.5000
      2249.87      4335.30      6395.42
      2179.77      2153.60      2127.50

      0.00000      1.00000      2.00000
      24.0000      24.0000      24.0000
      1.00000      2.00000      3.00000
      25.0000      25.0000      25.0000
      17.7000      34.0000      49.2000
      2158.32      4244.57      6305.51
      2176.98      2150.85      2124.78

      0.00000      1.00000      2.00000
      23.0000      23.0000      23.0000
      1.00000      2.00000      3.00000
      24.0000      24.0000      24.0000
      17.6000      33.8000      49.0000
      2070.40      4157.44      6219.16
      2174.17      2148.07      2122.03

      0.00000      1.00000      2.00000
      22.0000      22.0000      22.0000
      1.00000      2.00000      3.00000
      23.0000      23.0000      23.0000
      17.5000      33.6000      48.7000
      1986.13      4073.92      6136.39
      2171.31      2145.25      2119.24

      0.00000      1.00000      2.00000
      21.0000      21.0000      21.0000
      1.00000      2.00000      3.00000
      22.0000      22.0000      22.0000
      17.4000      33.4000      48.5000
      1905.49      3994.00      6057.20
      2168.42      2142.39      2116.42

      0.00000      1.00000      2.00000
      20.0000      20.0000      20.0000
      1.00000      2.00000      3.00000
      21.0000      21.0000      21.0000
      17.3000      33.2000      48.2000
      1828.51      3917.70      5981.59
      2165.50      2139.50      2113.56

      0.00000      1.00000      2.00000
      19.0000      19.0000      19.0000
      1.00000      2.00000      3.00000
      20.0000      20.0000      20.0000
      17.2000      33.1000      48.0000
      1755.17      3845.02      5909.55
      2162.54      2136.57      2110.66

      0.00000      1.00000      2.00000
      18.0000      18.0000      18.0000
      1.00000      2.00000      3.00000
      19.0000      19.0000      19.0000
      17.1000      32.9000      47.7000
      1685.48      3775.95      5841.11
      2159.54      2133.60      2107.73

      0.00000      1.00000      2.00000
      17.0000      17.0000      17.0000
      1.00000      2.00000      3.00000
      18.0000      18.0000      18.0000
      17.0000      32.7000      47.4000
      1619.44      3710.50      5776.25
      2156.51      2130.61      2104.76

      0.00000      1.00000      2.00000
      16.0000      16.0000      16.0000
      1.00000      2.00000      3.00000
      17.0000      17.0000      17.0000
      16.9000      32.5000      47.1000
      1557.06      3648.68      5714.98
      2153.44      2127.57      2101.76

      0.00000      1.00000      2.00000
      15.0000      15.0000      15.0000
      1.00000      2.00000      3.00000
      16.0000      16.0000      16.0000
      16.8000      32.3000      46.8000
      1498.34      3590.48      5657.30
      2150.34      2124.50      2098.73

      0.00000      1.00000      2.00000
      14.0000      14.0000      14.0000
      1.00000      2.00000      3.00000
      15.0000      15.0000      15.0000
      16.7000      32.0000      46.5000
      1443.27      3535.90      5603.22
      2147.20      2121.40      2095.66

      0.00000      1.00000      2.00000
      13.0000      13.0000      13.0000
      1.00000      2.00000      3.00000
      14.0000      14.0000      14.0000
      16.6000      31.8000      46.2000
      1391.87      3484.96      5552.74
      2144.03      2118.26      2092.55

      0.00000      1.00000      2.00000
      12.0000      12.0000      12.0000
      1.00000      2.00000      3.00000
      13.0000      13.0000      13.0000
      16.4000      31.6000      45.9000
      1344.13      3437.65      5505.85
      2140.83      2115.09      2089.41

      0.00000      1.00000      2.00000
      11.0000      11.0000      11.0000
      1.00000      2.00000      3.00000
      12.0000      12.0000      12.0000
      16.3000      31.3000      45.5000
      1300.06      3393.97      5462.56
      2137.59      2111.88      2086.23

      0.00000      1.00000      2.00000
      10.0000      10.0000      10.0000
      1.00000      2.00000      3.00000
      11.0000      11.0000      11.0000
      16.2000      31.1000      45.1000
      1259.65      3353.92      5422.88
      2134.31      2108.64      2083.03

      0.00000      1.00000      2.00000
      9.00000      9.00000      9.00000
      1.00000      2.00000      3.00000
      10.0000      10.0000      10.0000
      16.0000      30.8000      44.7000
      1222.92      3317.51      5386.79
      2131.00      2105.36      2079.78

      0.00000      1.00000      2.00000
      8.00000      8.00000      8.00000
      1.00000      2.00000      3.00000
      9.00000      9.00000      9.00000
      15.9000      30.5000      44.3000
      1189.85      3284.74      5354.31
      2127.66      2102.05      2076.51

      0.00000      1.00000      2.00000
      7.00000      7.00000      7.00000
      1.00000      2.00000      3.00000
      8.00000      8.00000      8.00000
      15.7000      30.1000      43.8000
      1160.45      3255.60      5325.44
      2124.29      2098.71      2073.19

      0.00000      1.00000      2.00000
      6.00000      6.00000      6.00000
      1.00000      2.00000      3.00000
      7.00000      7.00000      7.00000
      15.5000      29.7000      43.2000
      1134.73      3230.11      5300.18
      2120.87      2095.33      2069.85

      0.00000      1.00000      2.00000
      5.00000      5.00000      5.00000
      1.00000      2.00000      3.00000
      6.00000      6.00000      6.00000
      15.2000      29.2000      42.5000
      1112.68      3208.26      5278.52
      2117.43      2091.92      2066.47

      0.00000      1.00000      2.00000
      4.00000      4.00000      4.00000
      1.00000      2.00000      3.00000
      5.00000      5.00000      5.00000
      14.9000      28.7000      41.6000
      1094.30      3190.04      5260.47
      2113.95      2088.47      2063.06

      0.00000      1.00000      2.00000
      3.00000      3.00000      3.00000
      1.00000      2.00000      3.00000
      4.00000      4.00000      4.00000
      14.5000      27.9000      40.5000
      1079.60      3175.47      5246.03
      2110.44      2085.00      2059.61

      0.00000      1.00000      2.00000
      2.00000      2.00000      2.00000
      1.00000      2.00000      3.00000
      3.00000      3.00000      3.00000
      13.9000      26.7000      38.8000
      1068.57      3164.54      5235.20
      2106.90      2081.49      2056.13

      0.00000      1.00000      2.00000
      1.00000      1.00000      1.00000
      1.00000      2.00000      3.00000
      2.00000      2.00000      2.00000
      12.9000      24.8000      36.1000
      1061.22      3157.26      5227.97
      2103.32      2077.94      2052.62

      0.00000      1.00000      2.00000
      0.00000      0.00000      0.00000
      1.00000      2.00000      3.00000
      1.00000      1.00000      1.00000
      10.7000      20.6000      29.9000
      1057.55      3153.61      5224.36
      2099.71      2074.36      2049.08

      0.00000      1.00000      2.00000
      1.00000      1.00000      1.00000
      1.00000      2.00000      3.00000
      0.00000      0.00000      0.00000
      31.8000      61.1000      88.7000
      1061.22      3157.26      5227.97
      2092.39      2067.11      2041.89

      0.00000      1.00000      2.00000
      2.00000      2.00000      2.00000
      1.00000      2.00000      3.00000
      1.00000      1.00000      1.00000
      21.1000      40.5000      58.8000
      1068.57      3164.54      5235.20
      2088.68      2063.43      2038.25

      0.00000      1.00000      2.00000
      3.00000      3.00000      3.00000
      1.00000      2.00000      3.00000
      2.00000      2.00000      2.00000
      18.8000      36.2000      52.7000
      1079.60      3175.47      5246.03
      2084.94      2059.73      2034.57

      0.00000      1.00000      2.00000
      4.00000      4.00000      4.00000
      1.00000      2.00000      3.00000
      3.00000      3.00000      3.00000
      17.8000      34.3000      49.9000
      1094.30      3190.04      5260.47
      2081.17      2055.98      2030.86

      0.00000      1.00000      2.00000
      5.00000      5.00000      5.00000
      1.00000      2.00000      3.00000
      4.00000      4.00000      4.00000
      17.3000      33.2000      48.2000
      1112.68      3208.26      5278.52
      2077.36      2052.21      2027.12

      0.00000      1.00000      2.00000
      6.00000      6.00000      6.00000
      1.00000      2.00000      3.00000
      5.00000      5.00000      5.00000
      16.8000      32.4000      47.1000
      1134.73      3230.11      5300.18
      2073.53      2048.41      2023.35

      0.00000      1.00000      2.00000
      7.00000      7.00000      7.00000
      1.00000      2.00000      3.00000
      6.00000      6.00000      6.00000
      16.5000      31.8000      46.2000
      1160.45      3255.60      5325.44
      2069.66      2044.57      2019.55

      0.00000      1.00000      2.00000
      8.00000      8.00000      8.00000
      1.00000      2.00000      3.00000
      7.00000      7.00000      7.00000
      16.3000      31.3000      45.5000
      1189.85      3284.74      5354.31
      2065.75      2040.70      2015.71

      0.00000      1.00000      2.00000
      9.00000      9.00000      9.00000
      1.00000      2.00000      3.00000
      8.00000      8.00000      8.00000
      16.1000      30.9000      44.9000
      1222.92      3317.51      5386.79
      2061.82      2036.80      2011.84

      0.00000      1.00000      2.00000
      10.0000      10.0000      10.0000
      1.00000      2.00000      3.00000
      9.00000      9.00000      9.00000
      15.9000      30.5000      44.4000
      1259.65      3353.92      5422.88
      2057.86      2032.87      2007.94

      0.00000      1.00000      2.00000
      11.0000      11.0000      11.0000
      1.00000      2.00000      3.00000
      10.0000      10.0000      10.0000
      15.7000      30.2000      43.9000
      1300.06      3393.97      5462.56
      2053.86      2028.91      2004.01

      0.00000      1.00000      2.00000
      12.0000      12.0000      12.0000
      1.00000      2.00000      3.00000
      11.0000      11.0000      11.0000
      15.6000      29.9000      43.5000
      1344.13      3437.65      5505.85
      2049.83      2024.91      2000.05

      0.00000      1.00000      2.00000
      13.0000      13.0000      13.0000
      1.00000      2.00000      3.00000
      12.0000      12.0000      12.0000
      15.4000      29.6000      43.1000
      1391.87      3484.96      5552.74
      2045.78      2020.89      1996.06

      0.00000      1.00000      2.00000
      14.0000      14.0000      14.0000
      1.00000      2.00000      3.00000
      13.0000      13.0000      13.0000
      15.3000      29.4000      42.7000
      1443.27      3535.90      5603.22
      2041.69      2016.83      1992.04

      0.00000      1.00000      2.00000
      15.0000      15.0000      15.0000
      1.00000      2.00000      3.00000
      14.0000      14.0000      14.0000
      15.2000      29.1000      42.3000
      1498.34      3590.48      5657.30
      2037.57      2012.74      1987.98

      0.00000      1.00000      2.00000
      16.0000      16.0000      16.0000
      1.00000      2.00000      3.00000
      15.0000      15.0000      15.0000
      15.0000      28.9000      42.0000
      1557.06      3648.68      5714.98
      2033.42      2008.63      1983.90

      0.00000      1.00000      2.00000
      17.0000      17.0000      17.0000
      1.00000      2.00000      3.00000
      16.0000      16.0000      16.0000
      14.9000      28.7000      41.6000
      1619.44      3710.50      5776.25
      2029.24      2004.48      1979.78

      0.00000      1.00000      2.00000
      18.0000      18.0000      18.0000
      1.00000      2.00000      3.00000
      17.0000      17.0000      17.0000
      14.8000      28.4000      41.3000
      1685.48      3775.95      5841.11
      2025.02      2000.30      1975.64

      0.00000      1.00000      2.00000
      19.0000      19.0000      19.0000
      1.00000      2.00000      3.00000
      18.0000      18.0000      18.0000
      14.7000      28.2000      41.0000
      1755.17      3845.02      5909.55
      2020.78      1996.09      1971.46

      0.00000      1.00000      2.00000
      20.0000      20.0000      20.0000
      1.00000      2.00000      3.00000
      19.0000      19.0000      19.0000
      14.6000      28.0000      40.7000
      1828.51      3917.70      5981.59
      2016.51      1991.85      1967.25

      0.00000      1.00000      2.00000
      21.0000      21.0000      21.0000
      1.00000      2.00000      3.00000
      20.0000      20.0000      20.0000
      14.5000      27.8000      40.4000
      1905.49      3994.00      6057.20
      2012.21      1987.58      1963.02

      0.00000      1.00000      2.00000
      22.0000      22.0000      22.0000
      1.00000      2.00000      3.00000
      21.0000      21.0000      21.0000
      14.3000      27.6000      40.1000
      1986.13      4073.92      6136.39
      2007.88      1983.28      1958.75

      0.00000      1.00000      2.00000
      23.0000      23.0000      23.0000
      1.00000      2.00000      3.00000
      22.0000      22.0000      22.0000
      14.2000      27.4000      39.8000
      2070.40      4157.44      6219.16
      2003.51      1978.95      1954.45

      0.00000      1.00000      2.00000
      24.0000      24.0000      24.0000
      1.00000      2.00000      3.00000
      23.0000      23.0000      23.0000
      14.1000      27.2000      39.5000
      2158.32      4244.57      6305.51
      1999.12      1974.59      1950.13

      0.00000      1.00000      2.00000
      25.0000      25.0000      25.0000
      1.00000      2.00000      3.00000
      24.0000      24.0000      24.0000
      14.0000      27.0000      39.2000
      2249.87      4335.30      6395.42
      1994.70      1970.21      1945.77

      0.00000      1.00000      2.00000
      26.0000      26.0000      26.0000
      1.00000      2.00000      3.00000
      25.0000      25.0000      25.0000
      13.9000      26.8000      38.9000
      2345.05      4429.63      6488.90
      1990.25      1965.79      1941.39

      0.00000      1.00000      2.00000
      27.0000      27.0000      27.0000
      1.00000      2.00000      3.00000
      26.0000      26.0000      26.0000
      13.8000      26.6000      38.6000
      2443.86      4527.56      6585.94
      1985.77      1961.34      1936.97

      0.00000      1.00000      2.00000
      28.0000      28.0000      28.0000
      1.00000      2.00000      3.00000
      27.0000      27.0000      27.0000
      13.7000      26.4000      38.3000
      2546.29      4629.08      6686.55
      1981.26      1956.87      1932.53

      0.00000      1.00000      2.00000
      29.0000      29.0000      29.0000
      1.00000      2.00000      3.00000
      28.0000      28.0000      28.0000
      13.6000      26.2000      38.0000
      2652.35      4734.19      6790.71
      1976.73      1952.36      1928.06

      0.00000      1.00000      2.00000
      30.0000      30.0000      30.0000
      1.00000      2.00000      3.00000
      29.0000      29.0000      29.0000
      13.5000      26.0000      37.7000
      2762.03      4842.88      6898.42
      1972.16      1947.83      1923.56

      0.00000      1.00000      2.00000
      31.0000      31.0000      31.0000
      1.00000      2.00000      3.00000
      30.0000      30.0000      30.0000
      13.4000      25.8000      37.4000
      2875.31      4955.15      7009.68
      1967.57      1943.27      1919.03

      0.00000      1.00000      2.00000
      32.0000      32.0000      32.0000
      1.00000      2.00000      3.00000
      31.0000      31.0000      31.0000
      13.3000      25.6000      37.2000
      2992.21      5071.01      7124.48
      1962.94      1938.67      1914.47

      0.00000      1.00000      2.00000
      33.0000      33.0000      33.0000
      1.00000      2.00000      3.00000
      32.0000      32.0000      32.0000
      13.2000      25.5000      36.9000
      3112.72      5190.43      7242.83
      1958.29      1934.06      1909.88

      0.00000      1.00000      2.00000
      34.0000      34.0000      34.0000
      1.00000      2.00000      3.00000
      33.0000      33.0000      33.0000
      13.1000      25.3000      36.6000
      3236.82      5313.42      7364.71
      1953.61      1929.41      1905.27

      0.00000      1.00000      2.00000
      35.0000      35.0000      35.0000
      1.00000      2.00000      3.00000
      34.0000      34.0000      34.0000
      13.0000      25.1000      36.3000
      3364.52      5439.98      7490.12
      1948.90      1924.73      1900.62

      0.00000      1.00000      2.00000
      36.0000      36.0000      36.0000
      1.00000      2.00000      3.00000
      35.0000      35.0000      35.0000
      12.9000      24.9000      36.1000
      3495.81      5570.09      7619.05
      1944.16      1920.03      1895.95

      0.00000      1.00000      2.00000
      37.0000      37.0000      37.0000
      1.00000      2.00000      3.00000
      36.0000      36.0000      36.0000
      12.9000      24.7000      35.8000
      3630.69      5703.76      7751.51
      1939.40      1915.30      1891.25

      0.00000      1.00000      2.00000
      38.0000      38.0000      38.0000
      1.00000      2.00000      3.00000
      37.0000      37.0000      37.0000
      12.8000      24.5000      35.5000
      3769.15      5840.98      7887.49
      1934.61      1910.54      1886.53

      0.00000      1.00000      2.00000
      39.0000      39.0000      39.0000
      1.00000      2.00000      3.00000
      38.0000      38.0000      38.0000
      12.7000      24.4000      35.2000
      3911.19      5981.74      8026.97
      1929.79      1905.75      1881.77

      0.00000      1.00000      2.00000
      40.0000      40.0000      40.0000
      1.00000      2.00000      3.00000
      39.0000      39.0000      39.0000
      12.6000      24.2000      35.0000
      4056.80      6126.04      8169.96
      1924.94      1900.93      1876.99

      0.00000      1.00000      2.00000
      41.0000      41.0000      41.0000
      1.00000      2.00000      3.00000
      40.0000      40.0000      40.0000
      12.5000      24.0000      34.7000
      4205.97      6273.87      8316.46
      1920.06      1896.09      1872.18

      0.00000      1.00000      2.00000
      42.0000      42.0000      42.0000
      1.00000      2.00000      3.00000
      41.0000      41.0000      41.0000
      12.4000      23.8000      34.4000
      4358.71      6425.23      8466.44
      1915.16      1891.22      1867.35

      0.00000      1.00000      2.00000
      43.0000      43.0000      43.0000
      1.00000      2.00000      3.00000
      42.0000      42.0000      42.0000
      12.3000      23.6000      34.2000
      4515.00      6580.12      8619.92
      1910.23      1886.33      1862.48

      0.00000      1.00000      2.00000
      44.0000      44.0000      44.0000
      1.00000      2.00000      3.00000
      43.0000      43.0000      43.0000
      12.2000      23.4000      33.9000
      4674.84      6738.52      8776.88
      1905.28      1881.40      1857.59

      0.00000      1.00000      2.00000
      45.0000      45.0000      45.0000
      1.00000      2.00000      3.00000
      44.0000      44.0000      44.0000
      12.1000      23.3000      33.6000
      4838.22      6900.43      8937.32
      1900.29      1876.45      1852.67

      0.00000      1.00000      2.00000
      46.0000      46.0000      46.0000
      1.00000      2.00000      3.00000
      45.0000      45.0000      45.0000
      12.0000      23.1000      33.4000
      5005.15      7065.85      9101.24
      1895.28      1871.48      1847.73

      0.00000      1.00000      2.00000
      47.0000      47.0000      47.0000
      1.00000      2.00000      3.00000
      46.0000      46.0000      46.0000
      11.9000      22.9000      33.1000
      5175.60      7234.76      9268.61
      1890.25      1866.47      1842.76

      0.00000      1.00000      2.00000
      48.0000      48.0000      48.0000
      1.00000      2.00000      3.00000
      47.0000      47.0000      47.0000
      11.8000      22.7000      32.8000
      5349.58      7407.17      9439.45
      1885.19      1861.44      1837.76

      0.00000      1.00000      2.00000
      49.0000      49.0000      49.0000
      1.00000      2.00000      3.00000
      48.0000      48.0000      48.0000
      11.7000      22.6000      32.6000
      5527.08      7583.07      9613.74
      1880.10      1856.39      1832.74

      0.00000      1.00000      2.00000
      50.0000      50.0000      50.0000
      1.00000      2.00000      3.00000
      49.0000      49.0000      49.0000
      11.6000      22.4000      32.3000
      5708.09      7762.44      9791.48
      1874.98      1851.30      1827.69

      0.00000      1.00000      2.00000
      51.0000      51.0000      51.0000
      1.00000      2.00000      3.00000
      50.0000      50.0000      50.0000
      11.6000      22.2000      32.0000
      5892.60      7945.29      9972.66
      1869.84      1846.19      1822.61

      0.00000      1.00000      2.00000
      52.0000      52.0000      52.0000
      1.00000      2.00000      3.00000
      51.0000      51.0000      51.0000
      11.5000      22.0000      31.8000
      6080.62      8131.60      10157.3
      1864.67      1841.06      1817.51

      0.00000      1.00000      2.00000
      53.0000      53.0000      53.0000
      1.00000      2.00000      3.00000
      52.0000      52.0000      52.0000
      11.4000      21.9000      31.5000
      6272.12      8321.37      10345.3
      1859.48      1835.90      1812.38

      0.00000      1.00000      2.00000
      54.0000      54.0000      54.0000
      1.00000      2.00000      3.00000
      53.0000      53.0000      53.0000
      11.3000      21.7000      31.2000
      6467.12      8514.60      10536.8
      1854.26      1830.71      1807.23

      0.00000      1.00000      2.00000
      55.0000      55.0000      55.0000
      1.00000      2.00000      3.00000
      54.0000      54.0000      54.0000
      11.2000      21.5000      31.0000
      6665.59      8711.27      10731.6
      1849.01      1825.50      1802.05

      0.00000      1.00000      2.00000
      56.0000      56.0000      56.0000
      1.00000      2.00000      3.00000
      55.0000      55.0000      55.0000
      11.1000      21.3000      30.7000
      6867.53      8911.38      10929.9
      1843.74      1820.26      1796.84

      0.00000      1.00000      2.00000
      57.0000      57.0000      57.0000
      1.00000      2.00000      3.00000
      56.0000      56.0000      56.0000
      11.0000      21.2000      30.5000
      7072.93      9114.92      11131.6
      1838.45      1815.00      1791.61

      0.00000      1.00000      2.00000
      58.0000      58.0000      58.0000
      1.00000      2.00000      3.00000
      57.0000      57.0000      57.0000
      10.9000      21.0000      30.2000
      7281.79      9321.88      11336.7
      1833.13      1809.71      1786.36

      0.00000      1.00000      2.00000
      59.0000      59.0000      59.0000
      1.00000      2.00000      3.00000
      58.0000      58.0000      58.0000
      10.8000      20.8000      29.9000
      7494.10      9532.26      11545.1
      1827.78      1804.40      1781.08

      0.00000      1.00000      2.00000
      60.0000      60.0000      60.0000
      1.00000      2.00000      3.00000
      59.0000      59.0000      59.0000
      10.7000      20.6000      29.7000
      7709.84      9746.04      11756.9
      1822.41      1799.06      1775.77
