      2.00000      59.0000      3.00000      60.0000      55.5000      11545.1
      2197.45
      2.00000      58.0000      3.00000      59.0000      55.4000      11336.7
      2196.04
      2.00000      57.0000      3.00000      58.0000      55.2000      11131.6
      2194.59
      2.00000      56.0000      3.00000      57.0000      55.1000      10929.9
      2193.10
      2.00000      55.0000      3.00000      56.0000      55.0000      10731.6
      2191.56
      2.00000      54.0000      3.00000      55.0000      54.8000      10536.8
      2189.99
      2.00000      53.0000      3.00000      54.0000      54.7000      10345.3
      2188.38
      2.00000      52.0000      3.00000      53.0000      54.5000      10157.3
      2186.72
      2.00000      51.0000      3.00000      52.0000      54.4000      9972.66
      2185.03
      2.00000      50.0000      3.00000      51.0000      54.2000      9791.48
      2183.30
      2.00000      49.0000      3.00000      50.0000      54.1000      9613.74
      2181.53
      2.00000      48.0000      3.00000      49.0000      53.9000      9439.45
      2179.72
      2.00000      47.0000      3.00000      48.0000      53.8000      9268.61
      2177.87
      2.00000      46.0000      3.00000      47.0000      53.6000      9101.24
      2175.98
      2.00000      45.0000      3.00000      46.0000      53.4000      8937.32
      2174.05
      2.00000      44.0000      3.00000      45.0000      53.3000      8776.88
      2172.08
      2.00000      43.0000      3.00000      44.0000      53.1000      8619.92
      2170.07
      2.00000      42.0000      3.00000      43.0000      52.9000      8466.44
      2168.03
      2.00000      41.0000      3.00000      42.0000      52.7000      8316.46
      2165.95
      2.00000      40.0000      3.00000      41.0000      52.6000      8169.96
      2163.83
      2.00000      39.0000      3.00000      40.0000      52.4000      8026.97
      2161.67
      2.00000      38.0000      3.00000      39.0000      52.2000      7887.49
      2159.47
      2.00000      37.0000      3.00000      38.0000      52.0000      7751.51
      2157.23
      2.00000      36.0000      3.00000      37.0000      51.8000      7619.05
      2154.96
      2.00000      35.0000      3.00000      36.0000      51.6000      7490.12
      2152.65
      2.00000      34.0000      3.00000      35.0000      51.4000      7364.71
      2150.30
      2.00000      33.0000      3.00000      34.0000      51.2000      7242.83
      2147.91
      2.00000      32.0000      3.00000      33.0000      51.0000      7124.48
      2145.49
      2.00000      31.0000      3.00000      32.0000      50.8000      7009.68
      2143.03
      2.00000      30.0000      3.00000      31.0000      50.6000      6898.42
      2140.53
      2.00000      29.0000      3.00000      30.0000      50.4000      6790.71
      2138.00
      2.00000      28.0000      3.00000      29.0000      50.1000      6686.55
      2135.43
      2.00000      27.0000      3.00000      28.0000      49.9000      6585.94
      2132.82
      2.00000      26.0000      3.00000      27.0000      49.7000      6488.90
      2130.18
      2.00000      25.0000      3.00000      26.0000      49.5000      6395.42
      2127.50
      2.00000      24.0000      3.00000      25.0000      49.2000      6305.51
      2124.78
      2.00000      23.0000      3.00000      24.0000      49.0000      6219.16
      2122.03
      2.00000      22.0000      3.00000      23.0000      48.7000      6136.39
      2119.24
      2.00000      21.0000      3.00000      22.0000      48.5000      6057.20
      2116.42
      2.00000      20.0000      3.00000      21.0000      48.2000      5981.59
      2113.56
      2.00000      19.0000      3.00000      20.0000      48.0000      5909.55
      2110.66
      2.00000      18.0000      3.00000      19.0000      47.7000      5841.11
      2107.73
      2.00000      17.0000      3.00000      18.0000      47.4000      5776.25
      2104.76
      2.00000      16.0000      3.00000      17.0000      47.1000      5714.98
      2101.76
      2.00000      15.0000      3.00000      16.0000      46.8000      5657.30
      2098.73
      2.00000      14.0000      3.00000      15.0000      46.5000      5603.22
      2095.66
      2.00000      13.0000      3.00000      14.0000      46.2000      5552.74
      2092.55
      2.00000      12.0000      3.00000      13.0000      45.9000      5505.85
      2089.41
      2.00000      11.0000      3.00000      12.0000      45.5000      5462.56
      2086.23
      2.00000      10.0000      3.00000      11.0000      45.1000      5422.88
      2083.03
      2.00000      9.00000      3.00000      10.0000      44.7000      5386.79
      2079.78
      2.00000      8.00000      3.00000      9.00000      44.3000      5354.31
      2076.51
      2.00000      7.00000      3.00000      8.00000      43.8000      5325.44
      2073.19
      2.00000      6.00000      3.00000      7.00000      43.2000      5300.18
      2069.85
      2.00000      5.00000      3.00000      6.00000      42.5000      5278.52
      2066.47
      2.00000      4.00000      3.00000      5.00000      41.6000      5260.47
      2063.06
      2.00000      3.00000      3.00000      4.00000      40.5000      5246.03
      2059.61
      2.00000      2.00000      3.00000      3.00000      38.8000      5235.20
      2056.13
      2.00000      1.00000      3.00000      2.00000      36.1000      5227.97
      2052.62
      2.00000      0.00000      3.00000      1.00000      29.9000      5224.36
      2049.08
      2.00000      1.00000      3.00000      0.00000      88.7000      5227.97
      2041.89
      2.00000      2.00000      3.00000      1.00000      58.8000      5235.20
      2038.25
      2.00000      3.00000      3.00000      2.00000      52.7000      5246.03
      2034.57
      2.00000      4.00000      3.00000      3.00000      49.9000      5260.47
      2030.86
      2.00000      5.00000      3.00000      4.00000      48.2000      5278.52
      2027.12
      2.00000      6.00000      3.00000      5.00000      47.1000      5300.18
      2023.35
      2.00000      7.00000      3.00000      6.00000      46.2000      5325.44
      2019.55
      2.00000      8.00000      3.00000      7.00000      45.5000      5354.31
      2015.71
      2.00000      9.00000      3.00000      8.00000      44.9000      5386.79
      2011.84
      2.00000      10.0000      3.00000      9.00000      44.4000      5422.88
      2007.94
      2.00000      11.0000      3.00000      10.0000      43.9000      5462.56
      2004.01
      2.00000      12.0000      3.00000      11.0000      43.5000      5505.85
      2000.05
      2.00000      13.0000      3.00000      12.0000      43.1000      5552.74
      1996.06
      2.00000      14.0000      3.00000      13.0000      42.7000      5603.22
      1992.04
      2.00000      15.0000      3.00000      14.0000      42.3000      5657.30
      1987.98
      2.00000      16.0000      3.00000      15.0000      42.0000      5714.98
      1983.90
      2.00000      17.0000      3.00000      16.0000      41.6000      5776.25
      1979.78
      2.00000      18.0000      3.00000      17.0000      41.3000      5841.11
      1975.64
      2.00000      19.0000      3.00000      18.0000      41.0000      5909.55
      1971.46
      2.00000      20.0000      3.00000      19.0000      40.7000      5981.59
      1967.25
      2.00000      21.0000      3.00000      20.0000      40.4000      6057.20
      1963.02
      2.00000      22.0000      3.00000      21.0000      40.1000      6136.39
      1958.75
      2.00000      23.0000      3.00000      22.0000      39.8000      6219.16
      1954.45
      2.00000      24.0000      3.00000      23.0000      39.5000      6305.51
      1950.13
      2.00000      25.0000      3.00000      24.0000      39.2000      6395.42
      1945.77
      2.00000      26.0000      3.00000      25.0000      38.9000      6488.90
      1941.39
      2.00000      27.0000      3.00000      26.0000      38.6000      6585.94
      1936.97
      2.00000      28.0000      3.00000      27.0000      38.3000      6686.55
      1932.53
      2.00000      29.0000      3.00000      28.0000      38.0000      6790.71
      1928.06
      2.00000      30.0000      3.00000      29.0000      37.7000      6898.42
      1923.56
      2.00000      31.0000      3.00000      30.0000      37.4000      7009.68
      1919.03
      2.00000      32.0000      3.00000      31.0000      37.2000      7124.48
      1914.47
      2.00000      33.0000      3.00000      32.0000      36.9000      7242.83
      1909.88
      2.00000      34.0000      3.00000      33.0000      36.6000      7364.71
      1905.27
      2.00000      35.0000      3.00000      34.0000      36.3000      7490.12
      1900.62
      2.00000      36.0000      3.00000      35.0000      36.1000      7619.05
      1895.95
      2.00000      37.0000      3.00000      36.0000      35.8000      7751.51
      1891.25
      2.00000      38.0000      3.00000      37.0000      35.5000      7887.49
      1886.53
      2.00000      39.0000      3.00000      38.0000      35.2000      8026.97
      1881.77
      2.00000      40.0000      3.00000      39.0000      35.0000      8169.96
      1876.99
      2.00000      41.0000      3.00000      40.0000      34.7000      8316.46
      1872.18
      2.00000      42.0000      3.00000      41.0000      34.4000      8466.44
      1867.35
      2.00000      43.0000      3.00000      42.0000      34.2000      8619.92
      1862.48
      2.00000      44.0000      3.00000      43.0000      33.9000      8776.88
      1857.59
      2.00000      45.0000      3.00000      44.0000      33.6000      8937.32
      1852.67
      2.00000      46.0000      3.00000      45.0000      33.4000      9101.24
      1847.73
      2.00000      47.0000      3.00000      46.0000      33.1000      9268.61
      1842.76
      2.00000      48.0000      3.00000      47.0000      32.8000      9439.45
      1837.76
      2.00000      49.0000      3.00000      48.0000      32.6000      9613.74
      1832.74
      2.00000      50.0000      3.00000      49.0000      32.3000      9791.48
      1827.69
      2.00000      51.0000      3.00000      50.0000      32.0000      9972.66
      1822.61
      2.00000      52.0000      3.00000      51.0000      31.8000      10157.3
      1817.51
      2.00000      53.0000      3.00000      52.0000      31.5000      10345.3
      1812.38
      2.00000      54.0000      3.00000      53.0000      31.2000      10536.8
      1807.23
      2.00000      55.0000      3.00000      54.0000      31.0000      10731.6
      1802.05
      2.00000      56.0000      3.00000      55.0000      30.7000      10929.9
      1796.84
      2.00000      57.0000      3.00000      56.0000      30.5000      11131.6
      1791.61
      2.00000      58.0000      3.00000      57.0000      30.2000      11336.7
      1786.36
      2.00000      59.0000      3.00000      58.0000      29.9000      11545.1
      1781.08
      2.00000      60.0000      3.00000      59.0000      29.7000      11756.9
      1775.77
