      1.00000      59.0000      2.00000      60.0000      38.7000      9532.26
      2224.67
      1.00000      58.0000      2.00000      59.0000      38.6000      9321.88
      2223.22
      1.00000      57.0000      2.00000      58.0000      38.5000      9114.92
      2221.74
      1.00000      56.0000      2.00000      57.0000      38.4000      8911.38
      2220.21
      1.00000      55.0000      2.00000      56.0000      38.3000      8711.27
      2218.65
      1.00000      54.0000      2.00000      55.0000      38.2000      8514.60
      2217.04
      1.00000      53.0000      2.00000      54.0000      38.0000      8321.37
      2215.40
      1.00000      52.0000      2.00000      53.0000      37.9000      8131.60
      2213.71
      1.00000      51.0000      2.00000      52.0000      37.8000      7945.29
      2211.98
      1.00000      50.0000      2.00000      51.0000      37.7000      7762.44
      2210.22
      1.00000      49.0000      2.00000      50.0000      37.6000      7583.07
      2208.42
      1.00000      48.0000      2.00000      49.0000      37.5000      7407.17
      2206.57
      1.00000      47.0000      2.00000      48.0000      37.3000      7234.76
      2204.69
      1.00000      46.0000      2.00000      47.0000      37.2000      7065.85
      2202.77
      1.00000      45.0000      2.00000      46.0000      37.1000      6900.43
      2200.81
      1.00000      44.0000      2.00000      45.0000      36.9000      6738.52
      2198.81
      1.00000      43.0000      2.00000      44.0000      36.8000      6580.12
      2196.77
      1.00000      42.0000      2.00000      43.0000      36.7000      6425.23
      2194.69
      1.00000      41.0000      2.00000      42.0000      36.5000      6273.87
      2192.57
      1.00000      40.0000      2.00000      41.0000      36.4000      6126.04
      2190.42
      1.00000      39.0000      2.00000      40.0000      36.3000      5981.74
      2188.23
      1.00000      38.0000      2.00000      39.0000      36.1000      5840.98
      2186.00
      1.00000      37.0000      2.00000      38.0000      36.0000      5703.76
      2183.73
      1.00000      36.0000      2.00000      37.0000      35.8000      5570.09
      2181.42
      1.00000      35.0000      2.00000      36.0000      35.7000      5439.98
      2179.08
      1.00000      34.0000      2.00000      35.0000      35.5000      5313.42
      2176.70
      1.00000      33.0000      2.00000      34.0000      35.4000      5190.43
      2174.28
      1.00000      32.0000      2.00000      33.0000      35.2000      5071.01
      2171.82
      1.00000      31.0000      2.00000      32.0000      35.1000      4955.15
      2169.33
      1.00000      30.0000      2.00000      31.0000      34.9000      4842.88
      2166.80
      1.00000      29.0000      2.00000      30.0000      34.8000      4734.19
      2164.23
      1.00000      28.0000      2.00000      29.0000      34.6000      4629.08
      2161.63
      1.00000      27.0000      2.00000      28.0000      34.5000      4527.56
      2158.99
      1.00000      26.0000      2.00000      27.0000      34.3000      4429.63
      2156.31
      1.00000      25.0000      2.00000      26.0000      34.1000      4335.30
      2153.60
      1.00000      24.0000      2.00000      25.0000      34.0000      4244.57
      2150.85
      1.00000      23.0000      2.00000      24.0000      33.8000      4157.44
      2148.07
      1.00000      22.0000      2.00000      23.0000      33.6000      4073.92
      2145.25
      1.00000      21.0000      2.00000      22.0000      33.4000      3994.00
      2142.39
      1.00000      20.0000      2.00000      21.0000      33.2000      3917.70
      2139.50
      1.00000      19.0000      2.00000      20.0000      33.1000      3845.02
      2136.57
      1.00000      18.0000      2.00000      19.0000      32.9000      3775.95
      2133.60
      1.00000      17.0000      2.00000      18.0000      32.7000      3710.50
      2130.61
      1.00000      16.0000      2.00000      17.0000      32.5000      3648.68
      2127.57
      1.00000      15.0000      2.00000      16.0000      32.3000      3590.48
      2124.50
      1.00000      14.0000      2.00000      15.0000      32.0000      3535.90
      2121.40
      1.00000      13.0000      2.00000      14.0000      31.8000      3484.96
      2118.26
      1.00000      12.0000      2.00000      13.0000      31.6000      3437.65
      2115.09
      1.00000      11.0000      2.00000      12.0000      31.3000      3393.97
      2111.88
      1.00000      10.0000      2.00000      11.0000      31.1000      3353.92
      2108.64
      1.00000      9.00000      2.00000      10.0000      30.8000      3317.51
      2105.36
      1.00000      8.00000      2.00000      9.00000      30.5000      3284.74
      2102.05
      1.00000      7.00000      2.00000      8.00000      30.1000      3255.60
      2098.71
      1.00000      6.00000      2.00000      7.00000      29.7000      3230.11
      2095.33
      1.00000      5.00000      2.00000      6.00000      29.2000      3208.26
      2091.92
      1.00000      4.00000      2.00000      5.00000      28.7000      3190.04
      2088.47
      1.00000      3.00000      2.00000      4.00000      27.9000      3175.47
      2085.00
      1.00000      2.00000      2.00000      3.00000      26.7000      3164.54
      2081.49
      1.00000      1.00000      2.00000      2.00000      24.8000      3157.26
      2077.94
      1.00000      0.00000      2.00000      1.00000      20.6000      3153.61
      2074.36
      1.00000      1.00000      2.00000      0.00000      61.1000      3157.26
      2067.11
      1.00000      2.00000      2.00000      1.00000      40.5000      3164.54
      2063.43
      1.00000      3.00000      2.00000      2.00000      36.2000      3175.47
      2059.73
      1.00000      4.00000      2.00000      3.00000      34.3000      3190.04
      2055.98
      1.00000      5.00000      2.00000      4.00000      33.2000      3208.26
      2052.21
      1.00000      6.00000      2.00000      5.00000      32.4000      3230.11
      2048.41
      1.00000      7.00000      2.00000      6.00000      31.8000      3255.60
      2044.57
      1.00000      8.00000      2.00000      7.00000      31.3000      3284.74
      2040.70
      1.00000      9.00000      2.00000      8.00000      30.9000      3317.51
      2036.80
      1.00000      10.0000      2.00000      9.00000      30.5000      3353.92
      2032.87
      1.00000      11.0000      2.00000      10.0000      30.2000      3393.97
      2028.91
      1.00000      12.0000      2.00000      11.0000      29.9000      3437.65
      2024.91
      1.00000      13.0000      2.00000      12.0000      29.6000      3484.96
      2020.89
      1.00000      14.0000      2.00000      13.0000      29.4000      3535.90
      2016.83
      1.00000      15.0000      2.00000      14.0000      29.1000      3590.48
      2012.74
      1.00000      16.0000      2.00000      15.0000      28.9000      3648.68
      2008.63
      1.00000      17.0000      2.00000      16.0000      28.7000      3710.50
      2004.48
      1.00000      18.0000      2.00000      17.0000      28.4000      3775.95
      2000.30
      1.00000      19.0000      2.00000      18.0000      28.2000      3845.02
      1996.09
      1.00000      20.0000      2.00000      19.0000      28.0000      3917.70
      1991.85
      1.00000      21.0000      2.00000      20.0000      27.8000      3994.00
      1987.58
      1.00000      22.0000      2.00000      21.0000      27.6000      4073.92
      1983.28
      1.00000      23.0000      2.00000      22.0000      27.4000      4157.44
      1978.95
      1.00000      24.0000      2.00000      23.0000      27.2000      4244.57
      1974.59
      1.00000      25.0000      2.00000      24.0000      27.0000      4335.30
      1970.21
      1.00000      26.0000      2.00000      25.0000      26.8000      4429.63
      1965.79
      1.00000      27.0000      2.00000      26.0000      26.6000      4527.56
      1961.34
      1.00000      28.0000      2.00000      27.0000      26.4000      4629.08
      1956.87
      1.00000      29.0000      2.00000      28.0000      26.2000      4734.19
      1952.36
      1.00000      30.0000      2.00000      29.0000      26.0000      4842.88
      1947.83
      1.00000      31.0000      2.00000      30.0000      25.8000      4955.15
      1943.27
      1.00000      32.0000      2.00000      31.0000      25.6000      5071.01
      1938.67
      1.00000      33.0000      2.00000      32.0000      25.5000      5190.43
      1934.06
      1.00000      34.0000      2.00000      33.0000      25.3000      5313.42
      1929.41
      1.00000      35.0000      2.00000      34.0000      25.1000      5439.98
      1924.73
      1.00000      36.0000      2.00000      35.0000      24.9000      5570.09
      1920.03
      1.00000      37.0000      2.00000      36.0000      24.7000      5703.76
      1915.30
      1.00000      38.0000      2.00000      37.0000      24.5000      5840.98
      1910.54
      1.00000      39.0000      2.00000      38.0000      24.4000      5981.74
      1905.75
      1.00000      40.0000      2.00000      39.0000      24.2000      6126.04
      1900.93
      1.00000      41.0000      2.00000      40.0000      24.0000      6273.87
      1896.09
      1.00000      42.0000      2.00000      41.0000      23.8000      6425.23
      1891.22
      1.00000      43.0000      2.00000      42.0000      23.6000      6580.12
      1886.33
      1.00000      44.0000      2.00000      43.0000      23.4000      6738.52
      1881.40
      1.00000      45.0000      2.00000      44.0000      23.3000      6900.43
      1876.45
      1.00000      46.0000      2.00000      45.0000      23.1000      7065.85
      1871.48
      1.00000      47.0000      2.00000      46.0000      22.9000      7234.76
      1866.47
      1.00000      48.0000      2.00000      47.0000      22.7000      7407.17
      1861.44
      1.00000      49.0000      2.00000      48.0000      22.6000      7583.07
      1856.39
      1.00000      50.0000      2.00000      49.0000      22.4000      7762.44
      1851.30
      1.00000      51.0000      2.00000      50.0000      22.2000      7945.29
      1846.19
      1.00000      52.0000      2.00000      51.0000      22.0000      8131.60
      1841.06
      1.00000      53.0000      2.00000      52.0000      21.9000      8321.37
      1835.90
      1.00000      54.0000      2.00000      53.0000      21.7000      8514.60
      1830.71
      1.00000      55.0000      2.00000      54.0000      21.5000      8711.27
      1825.50
      1.00000      56.0000      2.00000      55.0000      21.3000      8911.38
      1820.26
      1.00000      57.0000      2.00000      56.0000      21.2000      9114.92
      1815.00
      1.00000      58.0000      2.00000      57.0000      21.0000      9321.88
      1809.71
      1.00000      59.0000      2.00000      58.0000      20.8000      9532.26
      1804.40
      1.00000      60.0000      2.00000      59.0000      20.6000      9746.04
      1799.06
