      0.00000      59.0000      1.00000      60.0000      20.2000      7494.10
      2251.94
      0.00000      58.0000      1.00000      59.0000      20.1000      7281.79
      2250.47
      0.00000      57.0000      1.00000      58.0000      20.1000      7072.93
      2248.95
      0.00000      56.0000      1.00000      57.0000      20.0000      6867.53
      2247.39
      0.00000      55.0000      1.00000      56.0000      20.0000      6665.59
      2245.79
      0.00000      54.0000      1.00000      55.0000      19.9000      6467.12
      2244.15
      0.00000      53.0000      1.00000      54.0000      19.8000      6272.12
      2242.48
      0.00000      52.0000      1.00000      53.0000      19.8000      6080.62
      2240.76
      0.00000      51.0000      1.00000      52.0000      19.7000      5892.60
      2239.00
      0.00000      50.0000      1.00000      51.0000      19.7000      5708.09
      2237.20
      0.00000      49.0000      1.00000      50.0000      19.6000      5527.08
      2235.36
      0.00000      48.0000      1.00000      49.0000      19.5000      5349.58
      2233.49
      0.00000      47.0000      1.00000      48.0000      19.5000      5175.60
      2231.57
      0.00000      46.0000      1.00000      47.0000      19.4000      5005.15
      2229.62
      0.00000      45.0000      1.00000      46.0000      19.3000      4838.22
      2227.62
      0.00000      44.0000      1.00000      45.0000      19.3000      4674.84
      2225.59
      0.00000      43.0000      1.00000      44.0000      19.2000      4515.00
      2223.52
      0.00000      42.0000      1.00000      43.0000      19.1000      4358.71
      2221.41
      0.00000      41.0000      1.00000      42.0000      19.0000      4205.97
      2219.26
      0.00000      40.0000      1.00000      41.0000      19.0000      4056.80
      2217.07
      0.00000      39.0000      1.00000      40.0000      18.9000      3911.19
      2214.85
      0.00000      38.0000      1.00000      39.0000      18.8000      3769.15
      2212.59
      0.00000      37.0000      1.00000      38.0000      18.8000      3630.69
      2210.29
      0.00000      36.0000      1.00000      37.0000      18.7000      3495.81
      2207.95
      0.00000      35.0000      1.00000      36.0000      18.6000      3364.52
      2205.57
      0.00000      34.0000      1.00000      35.0000      18.5000      3236.82
      2203.16
      0.00000      33.0000      1.00000      34.0000      18.4000      3112.72
      2200.71
      0.00000      32.0000      1.00000      33.0000      18.4000      2992.21
      2198.22
      0.00000      31.0000      1.00000      32.0000      18.3000      2875.31
      2195.69
      0.00000      30.0000      1.00000      31.0000      18.2000      2762.03
      2193.13
      0.00000      29.0000      1.00000      30.0000      18.1000      2652.35
      2190.53
      0.00000      28.0000      1.00000      29.0000      18.0000      2546.29
      2187.89
      0.00000      27.0000      1.00000      28.0000      17.9000      2443.86
      2185.22
      0.00000      26.0000      1.00000      27.0000      17.9000      2345.05
      2182.51
      0.00000      25.0000      1.00000      26.0000      17.8000      2249.87
      2179.77
      0.00000      24.0000      1.00000      25.0000      17.7000      2158.32
      2176.98
      0.00000      23.0000      1.00000      24.0000      17.6000      2070.40
      2174.17
      0.00000      22.0000      1.00000      23.0000      17.5000      1986.13
      2171.31
      0.00000      21.0000      1.00000      22.0000      17.4000      1905.49
      2168.42
      0.00000      20.0000      1.00000      21.0000      17.3000      1828.51
      2165.50
      0.00000      19.0000      1.00000      20.0000      17.2000      1755.17
      2162.54
      0.00000      18.0000      1.00000      19.0000      17.1000      1685.48
      2159.54
      0.00000      17.0000      1.00000      18.0000      17.0000      1619.44
      2156.51
      0.00000      16.0000      1.00000      17.0000      16.9000      1557.06
      2153.44
      0.00000      15.0000      1.00000      16.0000      16.8000      1498.34
      2150.34
      0.00000      14.0000      1.00000      15.0000      16.7000      1443.27
      2147.20
      0.00000      13.0000      1.00000      14.0000      16.6000      1391.87
      2144.03
      0.00000      12.0000      1.00000      13.0000      16.4000      1344.13
      2140.83
      0.00000      11.0000      1.00000      12.0000      16.3000      1300.06
      2137.59
      0.00000      10.0000      1.00000      11.0000      16.2000      1259.65
      2134.31
      0.00000      9.00000      1.00000      10.0000      16.0000      1222.92
      2131.00
      0.00000      8.00000      1.00000      9.00000      15.9000      1189.85
      2127.66
      0.00000      7.00000      1.00000      8.00000      15.7000      1160.45
      2124.29
      0.00000      6.00000      1.00000      7.00000      15.5000      1134.73
      2120.87
      0.00000      5.00000      1.00000      6.00000      15.2000      1112.68
      2117.43
      0.00000      4.00000      1.00000      5.00000      14.9000      1094.30
      2113.95
      0.00000      3.00000      1.00000      4.00000      14.5000      1079.60
      2110.44
      0.00000      2.00000      1.00000      3.00000      13.9000      1068.57
      2106.90
      0.00000      1.00000      1.00000      2.00000      12.9000      1061.22
      2103.32
      0.00000      0.00000      1.00000      1.00000      10.7000      1057.55
      2099.71
      0.00000      1.00000      1.00000      0.00000      31.8000      1061.22
      2092.39
      0.00000      2.00000      1.00000      1.00000      21.1000      1068.57
      2088.68
      0.00000      3.00000      1.00000      2.00000      18.8000      1079.60
      2084.94
      0.00000      4.00000      1.00000      3.00000      17.8000      1094.30
      2081.17
      0.00000      5.00000      1.00000      4.00000      17.3000      1112.68
      2077.36
      0.00000      6.00000      1.00000      5.00000      16.8000      1134.73
      2073.53
      0.00000      7.00000      1.00000      6.00000      16.5000      1160.45
      2069.66
      0.00000      8.00000      1.00000      7.00000      16.3000      1189.85
      2065.75
      0.00000      9.00000      1.00000      8.00000      16.1000      1222.92
      2061.82
      0.00000      10.0000      1.00000      9.00000      15.9000      1259.65
      2057.86
      0.00000      11.0000      1.00000      10.0000      15.7000      1300.06
      2053.86
      0.00000      12.0000      1.00000      11.0000      15.6000      1344.13
      2049.83
      0.00000      13.0000      1.00000      12.0000      15.4000      1391.87
      2045.78
      0.00000      14.0000      1.00000      13.0000      15.3000      1443.27
      2041.69
      0.00000      15.0000      1.00000      14.0000      15.2000      1498.34
      2037.57
      0.00000      16.0000      1.00000      15.0000      15.0000      1557.06
      2033.42
      0.00000      17.0000      1.00000      16.0000      14.9000      1619.44
      2029.24
      0.00000      18.0000      1.00000      17.0000      14.8000      1685.48
      2025.02
      0.00000      19.0000      1.00000      18.0000      14.7000      1755.17
      2020.78
      0.00000      20.0000      1.00000      19.0000      14.6000      1828.51
      2016.51
      0.00000      21.0000      1.00000      20.0000      14.5000      1905.49
      2012.21
      0.00000      22.0000      1.00000      21.0000      14.3000      1986.13
      2007.88
      0.00000      23.0000      1.00000      22.0000      14.2000      2070.40
      2003.51
      0.00000      24.0000      1.00000      23.0000      14.1000      2158.32
      1999.12
      0.00000      25.0000      1.00000      24.0000      14.0000      2249.87
      1994.70
      0.00000      26.0000      1.00000      25.0000      13.9000      2345.05
      1990.25
      0.00000      27.0000      1.00000      26.0000      13.8000      2443.86
      1985.77
      0.00000      28.0000      1.00000      27.0000      13.7000      2546.29
      1981.26
      0.00000      29.0000      1.00000      28.0000      13.6000      2652.35
      1976.73
      0.00000      30.0000      1.00000      29.0000      13.5000      2762.03
      1972.16
      0.00000      31.0000      1.00000      30.0000      13.4000      2875.31
      1967.57
      0.00000      32.0000      1.00000      31.0000      13.3000      2992.21
      1962.94
      0.00000      33.0000      1.00000      32.0000      13.2000      3112.72
      1958.29
      0.00000      34.0000      1.00000      33.0000      13.1000      3236.82
      1953.61
      0.00000      35.0000      1.00000      34.0000      13.0000      3364.52
      1948.90
      0.00000      36.0000      1.00000      35.0000      12.9000      3495.81
      1944.16
      0.00000      37.0000      1.00000      36.0000      12.9000      3630.69
      1939.40
      0.00000      38.0000      1.00000      37.0000      12.8000      3769.15
      1934.61
      0.00000      39.0000      1.00000      38.0000      12.7000      3911.19
      1929.79
      0.00000      40.0000      1.00000      39.0000      12.6000      4056.80
      1924.94
      0.00000      41.0000      1.00000      40.0000      12.5000      4205.97
      1920.06
      0.00000      42.0000      1.00000      41.0000      12.4000      4358.71
      1915.16
      0.00000      43.0000      1.00000      42.0000      12.3000      4515.00
      1910.23
      0.00000      44.0000      1.00000      43.0000      12.2000      4674.84
      1905.28
      0.00000      45.0000      1.00000      44.0000      12.1000      4838.22
      1900.29
      0.00000      46.0000      1.00000      45.0000      12.0000      5005.15
      1895.28
      0.00000      47.0000      1.00000      46.0000      11.9000      5175.60
      1890.25
      0.00000      48.0000      1.00000      47.0000      11.8000      5349.58
      1885.19
      0.00000      49.0000      1.00000      48.0000      11.7000      5527.08
      1880.10
      0.00000      50.0000      1.00000      49.0000      11.6000      5708.09
      1874.98
      0.00000      51.0000      1.00000      50.0000      11.6000      5892.60
      1869.84
      0.00000      52.0000      1.00000      51.0000      11.5000      6080.62
      1864.67
      0.00000      53.0000      1.00000      52.0000      11.4000      6272.12
      1859.48
      0.00000      54.0000      1.00000      53.0000      11.3000      6467.12
      1854.26
      0.00000      55.0000      1.00000      54.0000      11.2000      6665.59
      1849.01
      0.00000      56.0000      1.00000      55.0000      11.1000      6867.53
      1843.74
      0.00000      57.0000      1.00000      56.0000      11.0000      7072.93
      1838.45
      0.00000      58.0000      1.00000      57.0000      10.9000      7281.79
      1833.13
      0.00000      59.0000      1.00000      58.0000      10.8000      7494.10
      1827.78
      0.00000      60.0000      1.00000      59.0000      10.7000      7709.84
      1822.41
