      0.00000      60.0000      1.00000      61.0000      19.7000      7682.82
      2248.97
      0.00000      59.0000      1.00000      60.0000      19.6000      7467.87
      2247.54
      0.00000      58.0000      1.00000      59.0000      19.6000      7256.35
      2246.06
      0.00000      57.0000      1.00000      58.0000      19.5000      7048.27
      2244.55
      0.00000      56.0000      1.00000      57.0000      19.5000      6843.63
      2242.99
      0.00000      55.0000      1.00000      56.0000      19.4000      6642.45
      2241.39
      0.00000      54.0000      1.00000      55.0000      19.4000      6444.72
      2239.76
      0.00000      53.0000      1.00000      54.0000      19.3000      6250.46
      2238.08
      0.00000      52.0000      1.00000      53.0000      19.2000      6059.66
      2236.36
      0.00000      51.0000      1.00000      52.0000      19.2000      5872.35
      2234.61
      0.00000      50.0000      1.00000      51.0000      19.1000      5688.53
      2232.81
      0.00000      49.0000      1.00000      50.0000      19.1000      5508.19
      2230.98
      0.00000      48.0000      1.00000      49.0000      19.0000      5331.36
      2229.11
      0.00000      47.0000      1.00000      48.0000      18.9000      5158.04
      2227.19
      0.00000      46.0000      1.00000      47.0000      18.9000      4988.22
      2225.24
      0.00000      45.0000      1.00000      46.0000      18.8000      4821.93
      2223.25
      0.00000      44.0000      1.00000      45.0000      18.7000      4659.16
      2221.22
      0.00000      43.0000      1.00000      44.0000      18.7000      4499.92
      2219.16
      0.00000      42.0000      1.00000      43.0000      18.6000      4344.21
      2217.05
      0.00000      41.0000      1.00000      42.0000      18.5000      4192.05
      2214.91
      0.00000      40.0000      1.00000      41.0000      18.5000      4043.44
      2212.73
      0.00000      39.0000      1.00000      40.0000      18.4000      3898.38
      2210.51
      0.00000      38.0000      1.00000      39.0000      18.3000      3756.88
      2208.25
      0.00000      37.0000      1.00000      38.0000      18.3000      3618.94
      2205.96
      0.00000      36.0000      1.00000      37.0000      18.2000      3484.57
      2203.62
      0.00000      35.0000      1.00000      36.0000      18.1000      3353.77
      2201.25
      0.00000      34.0000      1.00000      35.0000      18.0000      3226.55
      2198.85
      0.00000      33.0000      1.00000      34.0000      18.0000      3102.92
      2196.40
      0.00000      32.0000      1.00000      33.0000      17.9000      2982.87
      2193.92
      0.00000      31.0000      1.00000      32.0000      17.8000      2866.41
      2191.40
      0.00000      30.0000      1.00000      31.0000      17.7000      2753.55
      2188.85
      0.00000      29.0000      1.00000      30.0000      17.7000      2644.29
      2186.26
      0.00000      28.0000      1.00000      29.0000      17.6000      2538.64
      2183.63
      0.00000      27.0000      1.00000      28.0000      17.5000      2436.59
      2180.96
      0.00000      26.0000      1.00000      27.0000      17.4000      2338.15
      2178.26
      0.00000      25.0000      1.00000      26.0000      17.3000      2243.33
      2175.52
      0.00000      24.0000      1.00000      25.0000      17.2000      2152.13
      2172.75
      0.00000      23.0000      1.00000      24.0000      17.2000      2064.55
      2169.94
      0.00000      22.0000      1.00000      23.0000      17.1000      1980.59
      2167.10
      0.00000      21.0000      1.00000      22.0000      17.0000      1900.27
      2164.22
      0.00000      20.0000      1.00000      21.0000      16.9000      1823.57
      2161.30
      0.00000      19.0000      1.00000      20.0000      16.8000      1750.51
      2158.35
      0.00000      18.0000      1.00000      19.0000      16.7000      1681.08
      2155.37
      0.00000      17.0000      1.00000      18.0000      16.6000      1615.30
      2152.34
      0.00000      16.0000      1.00000      17.0000      16.5000      1553.15
      2149.29
      0.00000      15.0000      1.00000      16.0000      16.4000      1494.65
      2146.20
      0.00000      14.0000      1.00000      15.0000      16.3000      1439.80
      2143.07
      0.00000      13.0000      1.00000      14.0000      16.2000      1388.59
      2139.91
      0.00000      12.0000      1.00000      13.0000      16.0000      1341.03
      2136.72
      0.00000      11.0000      1.00000      12.0000      15.9000      1297.13
      2133.49
      0.00000      10.0000      1.00000      11.0000      15.8000      1256.88
      2130.23
      0.00000      9.00000      1.00000      10.0000      15.6000      1220.28
      2126.93
      0.00000      8.00000      1.00000      9.00000      15.5000      1187.34
      2123.60
      0.00000      7.00000      1.00000      8.00000      15.3000      1158.05
      2120.23
      0.00000      6.00000      1.00000      7.00000      15.1000      1132.43
      2116.84
      0.00000      5.00000      1.00000      6.00000      14.9000      1110.46
      2113.41
      0.00000      4.00000      1.00000      5.00000      14.6000      1092.15
      2109.94
      0.00000      3.00000      1.00000      4.00000      14.2000      1077.51
      2106.44
      0.00000      2.00000      1.00000      3.00000      13.6000      1066.52
      2102.91
      0.00000      1.00000      1.00000      2.00000      12.6000      1059.20
      2099.35
      0.00000      0.00000      1.00000      1.00000      10.4000      1055.54
      2095.75
      0.00000      1.00000      1.00000      0.00000      31.0000      1059.20
      2088.46
      0.00000      2.00000      1.00000      1.00000      20.6000      1066.52
      2084.77
      0.00000      3.00000      1.00000      2.00000      18.4000      1077.51
      2081.04
      0.00000      4.00000      1.00000      3.00000      17.4000      1092.15
      2077.28
      0.00000      5.00000      1.00000      4.00000      16.8000      1110.46
      2073.49
      0.00000      6.00000      1.00000      5.00000      16.4000      1132.43
      2069.67
      0.00000      7.00000      1.00000      6.00000      16.1000      1158.05
      2065.81
      0.00000      8.00000      1.00000      7.00000      15.9000      1187.34
      2061.93
      0.00000      9.00000      1.00000      8.00000      15.7000      1220.28
      2058.01
      0.00000      10.0000      1.00000      9.00000      15.5000      1256.88
      2054.06
      0.00000      11.0000      1.00000      10.0000      15.3000      1297.13
      2050.08
      0.00000      12.0000      1.00000      11.0000      15.2000      1341.03
      2046.07
      0.00000      13.0000      1.00000      12.0000      15.0000      1388.59
      2042.03
      0.00000      14.0000      1.00000      13.0000      14.9000      1439.80
      2037.95
      0.00000      15.0000      1.00000      14.0000      14.8000      1494.65
      2033.85
      0.00000      16.0000      1.00000      15.0000      14.7000      1553.15
      2029.72
      0.00000      17.0000      1.00000      16.0000      14.5000      1615.30
      2025.55
      0.00000      18.0000      1.00000      17.0000      14.4000      1681.08
      2021.36
      0.00000      19.0000      1.00000      18.0000      14.3000      1750.51
      2017.13
      0.00000      20.0000      1.00000      19.0000      14.2000      1823.57
      2012.88
      0.00000      21.0000      1.00000      20.0000      14.1000      1900.27
      2008.59
      0.00000      22.0000      1.00000      21.0000      14.0000      1980.59
      2004.28
      0.00000      23.0000      1.00000      22.0000      13.9000      2064.55
      1999.94
      0.00000      24.0000      1.00000      23.0000      13.8000      2152.13
      1995.56
      0.00000      25.0000      1.00000      24.0000      13.7000      2243.33
      1991.16
      0.00000      26.0000      1.00000      25.0000      13.6000      2338.15
      1986.73
      0.00000      27.0000      1.00000      26.0000      13.5000      2436.59
      1982.27
      0.00000      28.0000      1.00000      27.0000      13.4000      2538.64
      1977.78
      0.00000      29.0000      1.00000      28.0000      13.3000      2644.29
      1973.26
      0.00000      30.0000      1.00000      29.0000      13.2000      2753.55
      1968.71
      0.00000      31.0000      1.00000      30.0000      13.1000      2866.41
      1964.14
      0.00000      32.0000      1.00000      31.0000      13.0000      2982.87
      1959.53
      0.00000      33.0000      1.00000      32.0000      12.9000      3102.92
      1954.90
      0.00000      34.0000      1.00000      33.0000      12.8000      3226.55
      1950.24
      0.00000      35.0000      1.00000      34.0000      12.7000      3353.77
      1945.55
      0.00000      36.0000      1.00000      35.0000      12.6000      3484.57
      1940.83
      0.00000      37.0000      1.00000      36.0000      12.5000      3618.94
      1936.09
      0.00000      38.0000      1.00000      37.0000      12.4000      3756.88
      1931.32
      0.00000      39.0000      1.00000      38.0000      12.3000      3898.38
      1926.52
      0.00000      40.0000      1.00000      39.0000      12.2000      4043.44
      1921.69
      0.00000      41.0000      1.00000      40.0000      12.1000      4192.05
      1916.83
      0.00000      42.0000      1.00000      41.0000      12.1000      4344.21
      1911.95
      0.00000      43.0000      1.00000      42.0000      12.0000      4499.92
      1907.04
      0.00000      44.0000      1.00000      43.0000      11.9000      4659.16
      1902.11
      0.00000      45.0000      1.00000      44.0000      11.8000      4821.93
      1897.15
      0.00000      46.0000      1.00000      45.0000      11.7000      4988.22
      1892.16
      0.00000      47.0000      1.00000      46.0000      11.6000      5158.04
      1887.14
      0.00000      48.0000      1.00000      47.0000      11.5000      5331.36
      1882.10
      0.00000      49.0000      1.00000      48.0000      11.4000      5508.19
      1877.04
      0.00000      50.0000      1.00000      49.0000      11.3000      5688.53
      1871.94
      0.00000      51.0000      1.00000      50.0000      11.2000      5872.35
      1866.82
      0.00000      52.0000      1.00000      51.0000      11.1000      6059.66
      1861.68
      0.00000      53.0000      1.00000      52.0000      11.1000      6250.46
      1856.51
      0.00000      54.0000      1.00000      53.0000      11.0000      6444.72
      1851.31
      0.00000      55.0000      1.00000      54.0000      10.9000      6642.45
      1846.09
      0.00000      56.0000      1.00000      55.0000      10.8000      6843.63
      1840.84
      0.00000      57.0000      1.00000      56.0000      10.7000      7048.27
      1835.57
      0.00000      58.0000      1.00000      57.0000      10.6000      7256.35
      1830.27
      0.00000      59.0000      1.00000      58.0000      10.5000      7467.87
      1824.95
