   2.9205e-14
   4.0128e-14
   5.8702e-14
   8.4746e-14
   1.1147e-13
   1.2857e-13
   1.3239e-13
   1.2751e-13
   1.2207e-13
   1.2302e-13
   1.3185e-13
   1.4222e-13
   1.4290e-13
   1.2886e-13
   1.0676e-13
   8.7129e-14
   7.6799e-14
   7.5567e-14
   7.9063e-14
   8.0316e-14
   7.3208e-14
   5.7657e-14
   3.9334e-14
   2.5228e-14
   1.7607e-14
   1.4910e-14
   1.3980e-14
   1.2443e-14
   9.5306e-15
   5.9889e-15
   2.9647e-15
   1.1417e-15
   3.3052e-16
   7.6232e-17
   1.3303e-17
   1.7830e-18
   1.7963e-19
   1.2999e-20
   6.8035e-22
   2.4984e-23
   1.5872e-23
   4.6744e-22
   1.0034e-20
   1.6248e-19
   1.9438e-18
   1.7929e-17
   1.3132e-16
   7.5087e-16
   3.1434e-15
   1.0138e-14
   2.5122e-14
   4.9329e-14
   7.7390e-14
   1.0007e-13
   1.1081e-13
   1.1186e-13
   1.0987e-13
   1.0995e-13
   1.1205e-13
   1.1093e-13
   9.9486e-14
   7.6333e-14
   4.8401e-14
   2.4496e-14
   9.7152e-15
   2.9944e-15
   6.9588e-16
   1.3126e-16
   1.8838e-17
   2.0902e-18
   1.7119e-19
   1.0512e-20
   4.3353e-22
   1.3947e-23
   4.0031e-25
   9.1764e-27
   4.1271e-28
   6.6674e-28
   3.7455e-26
   1.7306e-24
   8.1448e-23
   2.5820e-21
   5.7972e-20
   9.2039e-19
   1.1078e-17
   9.9033e-17
   6.8203e-16
   3.7669e-15
   1.5556e-14
   4.7817e-14
   1.1384e-13
   2.1069e-13
   3.1313e-13
   3.8342e-13
   4.0596e-13
   3.9991e-13
   3.9223e-13
   3.9689e-13
   4.0676e-13
   3.9749e-13
   3.4462e-13
   2.4981e-13
   1.4758e-13
   6.9538e-14
   2.7154e-14
   1.0067e-14
   5.2111e-15
   4.1579e-15
   3.5876e-15
   2.7014e-15
   1.6593e-15
   7.9755e-16
   2.9680e-16
   8.1961e-17
   1.8098e-17
   3.0232e-18
   3.8761e-19
   3.6607e-20
   2.5908e-21
   1.2535e-22
   4.2985e-24
   1.3824e-25
   3.2906e-27
   6.5159e-29
   5.8298e-29
   7.1797e-30
   9.8375e-30
   7.3052e-29
  -1.2511e-28
  -2.1909e-29
   2.5033e-28
   2.1903e-26
   1.0427e-24
   3.7907e-23
   1.2935e-21
   3.1944e-20
   5.3149e-19
   6.6034e-18
   6.0215e-17
   4.2116e-16
   2.2217e-15
   9.4829e-15
   2.9827e-14
   7.1806e-14
   1.3557e-13
   2.0336e-13
   2.5214e-13
   2.6983e-13
   2.6664e-13
   2.6133e-13
   2.6371e-13
   2.6958e-13
   2.6318e-13
   2.2885e-13
   1.6639e-13
   9.7969e-14
   4.5664e-14
   1.6705e-14
   6.6755e-15
   1.1681e-14
   4.1089e-14
   1.2322e-13
   2.8229e-13
   5.0673e-13
   7.2587e-13
   8.6597e-13
   9.0656e-13
   8.9013e-13
   8.7638e-13
   8.8997e-13
   9.0592e-13
   8.6649e-13
   7.2797e-13
   5.0699e-13
   2.8291e-13
   1.2371e-13
   4.2309e-14
   1.1134e-14
   2.1967e-15
   3.3210e-16
   6.8498e-17
   2.2175e-16
   1.1048e-15
   4.1821e-15
   1.1876e-14
   2.6229e-14
   4.5307e-14
   6.3155e-14
   7.3540e-14
   7.5543e-14
   7.3739e-14
   7.2808e-14
   7.4267e-14
   7.5823e-14
   7.2795e-14
   6.2271e-14
   4.7485e-14
   3.5497e-14
   2.9753e-14
   2.8385e-14
   2.7885e-14
   2.6865e-14
   2.6036e-14
   2.6189e-14
   2.6958e-14
   2.6799e-14
   2.3939e-14
   1.8070e-14
   1.0958e-14
   5.2706e-15
   1.9767e-15
   5.6519e-16
   1.2410e-16
   2.0452e-17
   2.4077e-18
   2.1216e-19
   1.5894e-20
   2.6992e-21
   2.7420e-20
   3.0550e-19
   2.5683e-18
   1.6598e-17
   8.3085e-17
   3.2084e-16
   9.4086e-16
   2.1022e-15
   3.6918e-15
   5.2243e-15
   6.1799e-15
   6.4144e-15
   6.2860e-15
   6.2010e-15
   6.3052e-15
   6.4073e-15
   6.0989e-15
   5.0802e-15
   3.4902e-15
   1.9294e-15
   8.3951e-16
   2.8472e-16
   8.9287e-17
   1.3935e-16
   6.9320e-16
   3.0227e-15
   9.9879e-15
   2.5301e-14
   4.9402e-14
   7.6754e-14
   9.7809e-14
   1.0689e-13
   1.0649e-13
   1.0410e-13
   1.0451e-13
   1.0710e-13
   1.0637e-13
   9.5745e-14
   7.3691e-14
   4.7252e-14
   2.5593e-14
   1.2641e-14
   6.8305e-15
   4.8891e-15
   4.5609e-15
   4.9849e-15
   6.5269e-15
   1.1117e-14
   2.2188e-14
   4.1984e-14
   6.7347e-14
   8.9670e-14
   1.0160e-13
   1.0291e-13
   1.0047e-13
   9.9880e-14
   1.0207e-13
   1.0278e-13
   9.5232e-14
   7.6021e-14
   4.9697e-14
   2.5949e-14
   1.0615e-14
   3.3516e-15
   7.9355e-16
   1.4156e-16
   1.8287e-17
   1.9748e-18
   1.6224e-19
   1.0061e-20
   4.6513e-22
   1.5667e-23
   3.6570e-25
   5.0567e-27
   3.8961e-29
  -3.8921e-29
   6.6773e-29
   3.4657e-27
   1.4795e-25
   4.7259e-24
   1.1427e-22
   2.5961e-21
   4.0223e-20
   4.4699e-19
   3.6799e-18
   2.2829e-17
   1.0788e-16
   3.9155e-16
   1.1169e-15
   2.4443e-15
   4.1929e-15
   5.8043e-15
   6.7402e-15
   6.9536e-15
   6.8106e-15
   6.7376e-15
   6.8641e-15
   6.9448e-15
   6.5299e-15
   5.3425e-15
   3.6145e-15
   1.9519e-15
   8.6626e-16
   5.6207e-16
   1.4862e-15
   5.2470e-15
   1.4806e-14
   3.2529e-14
   5.6438e-14
   7.8960e-14
   9.2226e-14
   9.5347e-14
   9.3496e-14
   9.2386e-14
   9.4006e-14
   9.5402e-14
   9.0312e-14
   7.4540e-14
   5.0992e-14
   2.8062e-14
   1.2464e-14
   5.7010e-15
   6.3708e-15
   1.3351e-14
   2.5455e-14
   3.8895e-14
   4.8783e-14
   5.2860e-14
   5.2617e-14
   5.1509e-14
   5.1791e-14
   5.2999e-14
   5.2130e-14
   4.5975e-14
   3.4419e-14
   2.0888e-14
   9.9908e-15
   3.6734e-15
   1.0584e-15
   2.6000e-16
   2.0442e-16
   7.8461e-16
   2.8427e-15
   7.9693e-15
   1.7397e-14
   2.9913e-14
   4.1603e-14
   4.8430e-14
   4.9981e-14
   4.8993e-14
   4.8440e-14
   4.9314e-14
   5.0047e-14
   4.7262e-14
   3.8862e-14
   2.6492e-14
   1.4563e-14
   6.2420e-15
   2.0525e-15
   5.1449e-16
   9.8654e-17
   1.5009e-17
   1.7186e-18
   1.5120e-19
   9.7471e-21
   4.5568e-22
   1.5336e-23
   3.4294e-25
   7.7815e-27
   1.3485e-28
   1.2717e-27
   6.5989e-26
   2.4882e-24
   7.2047e-23
   1.5578e-21
   3.0851e-20
   4.3512e-19
   4.3132e-18
   3.2364e-17
   1.8061e-16
   7.7058e-16
   2.5521e-15
   6.5289e-15
   1.3119e-14
   2.0678e-14
   2.6638e-14
   2.9232e-14
   2.9144e-14
   2.8329e-14
   2.8282e-14
   2.9095e-14
   2.9314e-14
   2.6927e-14
   2.1213e-14
   1.3635e-14
   6.9915e-15
   2.8141e-15
   1.1080e-15
   9.9321e-16
   1.8144e-15
   3.1070e-15
   4.3998e-15
   5.4759e-15
   7.0250e-15
   1.1217e-14
   2.1146e-14
   3.7912e-14
   5.8076e-14
   7.4123e-14
   8.1183e-14
   8.0384e-14
   7.7091e-14
   7.5838e-14
   7.7211e-14
   7.7455e-14
   7.1284e-14
   5.6487e-14
   3.6632e-14
   1.8953e-14
   7.6107e-15
   2.3654e-15
   5.6893e-16
   1.1002e-16
   5.7021e-17
   3.2236e-16
   1.8828e-15
   8.3505e-15
   2.8572e-14
   7.6837e-14
   1.5963e-13
   2.6252e-13
   3.4935e-13
   3.9421e-13
   3.9963e-13
   3.8983e-13
   3.8716e-13
   3.9617e-13
   3.9994e-13
   3.7223e-13
   2.9977e-13
   1.9924e-13
   1.0502e-13
   4.3260e-14
   1.3764e-14
   3.4298e-15
   6.5706e-16
   9.6127e-17
   1.0648e-17
   8.8176e-19
   5.3375e-20
   2.1388e-21
   7.2696e-23
   3.4381e-24
   5.2755e-23
   1.4862e-21
   3.1039e-20
   4.8753e-19
   5.8115e-18
   5.2892e-17
   3.9308e-16
   2.1846e-15
   9.0710e-15
   2.8679e-14
   7.0070e-14
   1.3433e-13
   2.0606e-13
   2.6033e-13
   2.8237e-13
   2.8101e-13
   2.7481e-13
   2.7583e-13
   2.8231e-13
   2.7964e-13
   2.5029e-13
   1.9049e-13
   1.1801e-13
   5.8236e-14
   2.2520e-14
   6.7394e-15
   1.5647e-15
   2.7160e-16
   3.4961e-17
   3.2213e-18
   2.5051e-19
   1.5098e-20
   6.9062e-22
   2.3774e-23
   6.0731e-25
   1.1661e-26
   1.4816e-28
   3.0114e-29
   6.0610e-30
  -1.9602e-29
  -3.4286e-30
  -6.8892e-29
  -3.3464e-29
  -2.1763e-29
  -8.1997e-29
  -5.0157e-29
   1.0277e-29
  -7.2728e-30
  -9.6492e-29
   9.7137e-29
   9.5767e-29
   9.7958e-29
   6.8632e-28
   3.2741e-26
   1.3952e-24
   5.7881e-23
   1.5949e-21
   3.2508e-20
   4.8039e-19
   5.5188e-18
   4.8316e-17
   3.3333e-16
   1.8535e-15
   8.3521e-15
   3.1095e-14
   9.1107e-14
   2.1492e-13
   4.1254e-13
   6.4373e-13
   8.3731e-13
   9.3896e-13
   9.5336e-13
   9.3446e-13
   9.2957e-13
   9.4359e-13
   9.3950e-13
   8.6377e-13
   6.9235e-13
   4.6037e-13
   2.4708e-13
   1.0418e-13
   3.4466e-14
   9.1704e-15
   2.6012e-15
   2.1886e-15
   3.5291e-15
   5.1376e-15
   6.2781e-15
   6.6762e-15
   6.5915e-15
   6.4607e-15
   6.5197e-15
   6.6652e-15
   6.5211e-15
   5.7125e-15
   4.2388e-15
   2.5590e-15
   1.2108e-15
   4.5346e-16
   1.3247e-16
   2.9599e-17
   5.4124e-18
   3.9917e-18
   2.9300e-17
   1.9396e-16
   9.8956e-16
   3.9167e-15
   1.2308e-14
   2.9326e-14
   5.4788e-14
   8.2398e-14
   1.0246e-13
   1.1098e-13
   1.1150e-13
   1.1066e-13
   1.1242e-13
   1.1542e-13
   1.1382e-13
   1.0157e-13
   7.8190e-14
   5.0690e-14
   2.7805e-14
   1.3817e-14
   6.7508e-15
   3.3443e-15
   1.5283e-15
   5.9295e-16
   1.8389e-16
   4.4357e-17
   8.0557e-18
   1.1179e-18
   1.2404e-19
   1.4223e-19
   1.6509e-18
   1.4137e-17
   9.0116e-17
   4.3465e-16
   1.6045e-15
   4.6104e-15
   1.0251e-14
   1.8044e-14
   2.5633e-14
   3.0325e-14
   3.1495e-14
   3.0783e-14
   3.0188e-14
   3.0623e-14
   3.1448e-14
   3.0749e-14
   2.6729e-14
   1.9494e-14
   1.1524e-14
   5.3715e-15
   1.9689e-15
   5.5857e-16
   1.2145e-16
   2.0013e-17
   2.3976e-18
   2.1142e-19
   1.5957e-20
   9.0597e-21
   1.2425e-19
   1.4007e-18
   1.2082e-17
   7.7902e-17
   3.8528e-16
   1.4705e-15
   4.3602e-15
   1.0191e-14
   1.8713e-14
   2.7482e-14
   3.3853e-14
   3.7608e-14
   4.2415e-14
   5.4197e-14
   7.6980e-14
   1.0695e-13
   1.3268e-13
   1.4357e-13
   1.3903e-13
   1.2781e-13
   1.1948e-13
   1.1738e-13
   1.1733e-13
   1.1088e-13
   9.2045e-14
   6.3700e-14
   3.5648e-14
   1.5802e-14
   5.4700e-15
   1.4633e-15
   3.0747e-16
   1.4358e-16
   5.3562e-16
   2.2518e-15
   7.3258e-15
   1.8285e-14
   3.5663e-14
   5.5524e-14
   7.1060e-14
   7.8043e-14
   7.8052e-14
   7.6087e-14
   7.6056e-14
   7.8002e-14
   7.8316e-14
   7.2380e-14
   5.9376e-14
   4.5033e-14
   3.7592e-14
   4.0217e-14
   4.8406e-14
   5.4965e-14
   5.6776e-14
   5.5691e-14
   5.4860e-14
   5.5643e-14
   5.6649e-14
   5.4485e-14
   4.6343e-14
   3.3027e-14
   1.9038e-14
   8.7174e-15
   3.1271e-15
   8.6987e-16
   1.8595e-16
   3.0254e-17
   3.6978e-18
   3.3238e-19
   2.1312e-20
   1.2046e-21
   5.2093e-23
   1.7164e-24
   4.2860e-26
   7.4985e-28
   3.5278e-29
   9.9116e-29
   9.5789e-29
   1.0449e-28
   9.3859e-29
   1.2719e-28
   4.6129e-29
  -8.5404e-29
  -8.2081e-29
  -8.2130e-29
  -8.3478e-29
  -1.7050e-28
   4.6292e-30
  -4.2229e-29
  -2.3774e-28
  -1.3519e-28
  -5.3846e-29
  -1.4446e-28
  -2.0828e-29
  -4.9619e-29
  -4.3012e-29
  -5.7622e-29
  -5.4250e-29
   5.2934e-29
  -2.0380e-29
   4.8734e-29
  -4.9763e-29
  -1.7875e-29
   4.7309e-29
   8.4466e-29
  -2.8796e-29
   4.3460e-29
   1.1329e-28
   2.6240e-29
   1.0410e-28
   1.0921e-28
   1.9962e-28
   4.2920e-27
   1.7059e-25
   5.5310e-24
   1.5709e-22
   3.0686e-21
   4.3574e-20
   4.6110e-19
   3.6862e-18
   2.2458e-17
   1.0495e-16
   3.7839e-16
   1.0640e-15
   2.3349e-15
   4.0171e-15
   5.5696e-15
   6.4605e-15
   6.6340e-15
   6.4473e-15
   6.3232e-15
   6.4387e-15
   6.6388e-15
   6.4891e-15
   5.6106e-15
   4.0677e-15
   2.3988e-15
   1.1143e-15
   4.0240e-16
   1.1135e-16
   2.3228e-17
   3.6456e-18
   4.6222e-19
   4.4925e-20
   3.3922e-21
   1.9168e-22
   8.1587e-24
   2.5806e-25
   6.0020e-27
   2.7359e-28
  -4.1104e-29
   1.1351e-28
  -2.0961e-29
  -9.4970e-29
   1.6629e-29
   7.4331e-29
   4.7966e-29
   7.4335e-30
  -3.6174e-29
  -7.8226e-29
   2.0470e-29
   5.6008e-29
   1.2592e-31
   1.0487e-28
   7.9352e-29
   1.1098e-30
   1.7777e-28
   5.8241e-27
   2.9402e-25
   1.4900e-23
   5.1950e-22
   1.2728e-20
   2.2865e-19
   3.0744e-18
   3.0841e-17
   2.4026e-16
   1.4365e-15
   6.6280e-15
   2.4268e-14
   6.7632e-14
   1.4832e-13
   2.5872e-13
   3.6867e-13
   4.4446e-13
   4.7459e-13
   4.7503e-13
   4.7027e-13
   4.7505e-13
   4.8239e-13
   4.6813e-13
   4.1011e-13
   3.1180e-13
   2.0519e-13
   1.2408e-13
   8.8595e-14
   1.0040e-13
   1.5077e-13
   2.2151e-13
   2.8469e-13
   3.1981e-13
   3.2672e-13
   3.2038e-13
   3.1487e-13
   3.1388e-13
   3.0926e-13
   2.8522e-13
   2.3105e-13
   1.5674e-13
   8.6579e-14
   3.7712e-14
   1.2803e-14
   3.3888e-15
   6.7462e-16
   1.0027e-16
   1.0956e-17
   1.0144e-18
   7.1106e-20
   3.8032e-21
   1.5774e-22
   4.8376e-24
   1.1026e-25
   1.9214e-27
   1.1112e-28
   6.0022e-29
   1.1284e-28
   2.1784e-29
   5.0988e-29
  -5.9442e-30
   9.8196e-29
  -2.3415e-30
  -7.7695e-29
   3.1404e-31
   1.8214e-28
  -2.5700e-29
  -5.4139e-29
  -3.0898e-29
  -1.5582e-28
  -6.4743e-29
  -1.3542e-28
  -6.8080e-29
  -2.0043e-29
  -1.1243e-28
  -1.0333e-28
  -6.8576e-30
   6.5880e-29
  -1.5217e-29
   1.7084e-28
   8.9176e-46
   1.2135e-28
   5.4901e-27
   2.1027e-25
   6.3117e-24
   1.7857e-22
   3.3886e-21
   4.8077e-20
   5.0487e-19
   3.9327e-18
   2.3724e-17
   1.0857e-16
   3.8802e-16
   1.0774e-15
   2.3402e-15
   4.0395e-15
   5.6198e-15
   6.5835e-15
   6.8276e-15
   6.6988e-15
   6.6040e-15
   6.7125e-15
   6.8732e-15
   6.7357e-15
   6.1087e-15
   5.3539e-15
   5.1100e-15
   5.6064e-15
   6.3953e-15
   6.8872e-15
   6.9102e-15
   6.7401e-15
   6.6961e-15
   6.8421e-15
   6.9220e-15
   6.6408e-15
   6.3097e-15
   7.6328e-15
   1.3798e-14
   2.7835e-14
   5.1442e-14
   8.6325e-14
   1.4426e-13
   2.4843e-13
   4.1900e-13
   6.3513e-13
   8.3898e-13
   9.6388e-13
   9.9638e-13
   9.7258e-13
   9.4382e-13
   9.3473e-13
   9.2832e-13
   8.7499e-13
   7.3735e-13
   5.2695e-13
   3.1084e-13
   1.4781e-13
   5.8584e-14
   2.1899e-14
   1.0578e-14
   7.6247e-15
   6.0733e-15
   4.8468e-15
   4.8260e-15
   6.8582e-15
   1.0647e-14
   1.4595e-14
   1.7161e-14
   1.7871e-14
   1.7550e-14
   1.7289e-14
   1.7541e-14
   1.7854e-14
   1.7175e-14
   1.4618e-14
   1.0487e-14
   6.0796e-15
   2.8026e-15
   9.9205e-16
   2.7506e-16
   5.9242e-17
   9.9488e-18
   1.2854e-18
   1.2496e-19
   1.0735e-20
   2.6692e-20
   3.7786e-19
   4.2379e-18
   3.6047e-17
   2.5093e-16
   1.3212e-15
   5.1736e-15
   1.5715e-14
   3.6793e-14
   6.8120e-14
   1.0200e-13
   1.2638e-13
   1.3607e-13
   1.3504e-13
   1.3220e-13
   1.3293e-13
   1.3592e-13
   1.3414e-13
   1.1949e-13
   9.0981e-14
   5.6538e-14
   2.8083e-14
   1.0875e-14
   3.2664e-15
   7.7247e-16
   1.4124e-16
   1.9578e-17
   2.1035e-18
   1.7189e-19
   1.0315e-20
   1.0395e-21
   1.0831e-20
   1.6328e-19
   2.0089e-18
   1.7964e-17
   1.2193e-16
   6.1550e-16
   2.3841e-15
   7.2063e-15
   1.6869e-14
   3.1278e-14
   4.6920e-14
   5.8115e-14
   6.2430e-14
   6.1980e-14
   6.0704e-14
   6.1019e-14
   6.2399e-14
   6.1606e-14
   5.4993e-14
   4.1917e-14
   2.6019e-14
   1.2943e-14
   5.0832e-15
   1.5445e-15
   3.6671e-16
   6.7059e-17
   9.3816e-18
   9.7344e-19
   7.6922e-20
   2.0254e-13
   2.9059e-13
   4.4366e-13
   6.2996e-13
   7.8100e-13
   8.4343e-13
   8.2399e-13
   7.7553e-13
   7.4708e-13
   7.5161e-13
   7.6282e-13
   7.3021e-13
   6.1697e-13
   4.3833e-13
   2.5489e-13
   1.1777e-13
   4.3221e-14
   1.2394e-14
   3.3660e-15
   3.0286e-15
   7.7230e-15
   1.7860e-14
   3.3277e-14
   4.9968e-14
   6.2359e-14
   6.7555e-14
   6.7357e-14
   6.5885e-14
   6.5983e-14
   6.7458e-14
   6.7269e-14
   6.1371e-14
   4.8477e-14
   3.1803e-14
   1.6848e-14
   7.0692e-15
   2.2852e-15
   5.7394e-16
   1.1383e-16
   1.7616e-17
   2.1127e-18
   1.9595e-19
   1.4029e-20
   7.7376e-22
   3.2803e-23
   1.0658e-24
   2.6492e-26
   5.9498e-28
  -9.1223e-29
   4.3963e-29
   2.9765e-29
  -9.1579e-29
  -6.7057e-30
   6.2340e-29
   1.0042e-28
   8.3551e-28
   4.2954e-26
   1.7397e-24
   5.3083e-23
   1.2017e-21
   2.1372e-20
   2.9146e-19
   3.0580e-18
   2.4418e-17
   1.5324e-16
   7.4617e-16
   2.8297e-15
   8.3382e-15
   1.9528e-14
   3.6439e-14
   5.4685e-14
   6.8468e-14
   7.4386e-14
   7.4329e-14
   7.2706e-14
   7.2701e-14
   7.4307e-14
   7.4321e-14
   6.8409e-14
   5.4673e-14
   3.6532e-14
   1.9692e-14
   8.4147e-15
   2.8435e-15
   7.3437e-16
   1.4853e-16
   2.3545e-17
   2.9314e-18
   2.7915e-19
   2.0869e-20
   1.1861e-21
   5.2955e-23
   1.7848e-24
   4.7222e-26
   9.4137e-28
  -1.8851e-29
  -6.0119e-29
  -5.2244e-29
  -6.3720e-29
   1.0038e-28
  -1.2053e-29
  -1.2142e-29
   5.7775e-30
  -1.1028e-28
   2.7282e-29
   1.3991e-28
   4.4347e-27
   1.9801e-25
   7.1606e-24
   1.9119e-22
   4.0100e-21
   6.3097e-20
   7.7973e-19
   7.3089e-18
   5.3109e-17
   3.0330e-16
   1.3321e-15
   4.6141e-15
   1.2446e-14
   2.6606e-14
   4.5795e-14
   6.4018e-14
   7.5578e-14
   7.8911e-14
   7.7581e-14
   7.6164e-14
   7.6967e-14
   7.8719e-14
   7.7259e-14
   6.8394e-14
   5.1713e-14
   3.2348e-14
   1.6315e-14
   6.4647e-15
   2.0230e-15
   4.8352e-16
   9.0092e-17
   1.2786e-17
   1.4285e-18
   1.2616e-19
   8.5019e-21
   4.4967e-22
   1.8389e-23
   5.6908e-25
   1.3871e-26
   2.3567e-28
   4.0050e-29
   1.6718e-29
   2.9547e-29
  -5.6246e-29
  -7.3910e-29
   1.8486e-29
   1.4527e-28
   5.1094e-29
   2.7570e-29
   1.0965e-28
   7.6344e-29
   1.3475e-28
   3.3858e-27
   1.4263e-25
   4.4629e-24
   1.0949e-22
   1.9969e-21
   2.8583e-20
   3.0860e-19
   2.5767e-18
   1.6891e-17
   8.4791e-17
   3.3491e-16
   1.0245e-15
   2.4837e-15
   4.7522e-15
   7.3387e-15
   9.3692e-15
   1.0266e-14
   1.0245e-14
   9.9442e-15
   9.8812e-15
   1.0182e-14
   1.0637e-14
   1.1068e-14
   1.2029e-14
   1.5012e-14
   2.1074e-14
   2.9221e-14
   3.6216e-14
   3.9685e-14
   3.9780e-14
   3.8690e-14
   3.8391e-14
   3.9294e-14
   3.9954e-14
   3.7912e-14
   3.1645e-14
   2.2124e-14
   1.2653e-14
   5.7500e-15
   2.0783e-15
   5.8214e-16
   1.2833e-16
   2.1556e-17
   2.8362e-18
   2.7913e-19
   2.1543e-20
   3.6028e-21
   3.5011e-20
   4.1333e-19
   3.7306e-18
   2.6063e-17
   1.3621e-16
   5.5721e-16
   1.7493e-15
   4.3475e-15
   8.5125e-15
   1.3513e-14
   1.7681e-14
   1.9893e-14
   2.0231e-14
   1.9807e-14
   1.9653e-14
   2.0037e-14
   2.0374e-14
   1.9820e-14
   1.9065e-14
   2.2970e-14
   4.1510e-14
   8.4765e-14
   1.5160e-13
   2.2559e-13
   2.8040e-13
   3.0380e-13
   3.0303e-13
   2.9622e-13
   2.9638e-13
   3.0327e-13
   3.0378e-13
   2.7978e-13
   2.2330e-13
   1.4848e-13
   7.9433e-14
   3.3822e-14
   1.1439e-14
   3.0045e-15
   6.3233e-16
   1.9396e-16
   6.3726e-16
   3.1194e-15
   1.2232e-14
   3.7094e-14
   8.9245e-14
   1.7046e-13
   2.6199e-13
   3.3487e-13
   3.6864e-13
   3.6973e-13
   3.6081e-13
   3.6060e-13
   3.7188e-13
   3.8009e-13
   3.6168e-13
   3.0224e-13
   2.1453e-13
   1.2741e-13
   6.6028e-14
   3.4510e-14
   2.2353e-14
   1.8488e-14
   1.5978e-14
   1.2330e-14
   7.9612e-15
   4.1337e-15
   1.7580e-15
   8.1151e-16
   9.2228e-16
   1.8664e-15
   3.4112e-15
   5.1324e-15
   6.4194e-15
   6.9817e-15
   6.9744e-15
   6.8179e-15
   6.8151e-15
   6.9734e-15
   6.9933e-15
   6.4543e-15
   5.1807e-15
   3.4488e-15
   1.8533e-15
   7.9845e-16
   2.6935e-16
   7.1051e-17
   1.4762e-17
   2.3529e-18
   2.9455e-19
   2.8008e-20
   2.0447e-21
   1.1712e-22
   4.9955e-24
   1.6873e-25
   8.6945e-26
   3.1329e-24
   9.0020e-23
   2.0287e-21
   3.7579e-20
   5.4446e-19
   5.8458e-18
   4.6400e-17
   2.8758e-16
   1.3512e-15
   4.9890e-15
   1.4354e-14
   3.2291e-14
   5.8323e-14
   8.5293e-14
   1.0465e-13
   1.1207e-13
   1.1114e-13
   1.0866e-13
   1.0906e-13
   1.1178e-13
   1.1140e-13
   1.0123e-13
   7.9553e-14
   5.1738e-14
   2.7176e-14
   1.1430e-14
   3.7525e-15
   9.7224e-16
   1.9385e-16
   3.8355e-17
   6.9437e-17
   4.0107e-16
   1.9159e-15
   7.0740e-15
   2.0642e-14
   4.7318e-14
   8.6691e-14
   1.2796e-13
   1.5802e-13
   1.7003e-13
   1.6922e-13
   1.6568e-13
   1.6611e-13
   1.6981e-13
   1.6903e-13
   1.5399e-13
   1.2119e-13
   7.9436e-14
   4.1845e-14
   1.7579e-14
   5.7810e-15
   1.4567e-15
   2.9564e-16
   6.4749e-17
   1.3096e-16
   6.3739e-16
   2.4634e-15
   7.4551e-15
   1.7979e-14
   3.4643e-14
   5.5534e-14
   7.6611e-14
   9.6035e-14
   1.1397e-13
   1.2960e-13
   1.4125e-13
   1.4755e-13
   1.4797e-13
   1.4215e-13
   1.3003e-13
   1.1378e-13
   9.5572e-14
   7.5864e-14
   5.5117e-14
   3.5128e-14
   1.8944e-14
   8.5837e-15
   3.2211e-15
   9.9374e-16
   2.5154e-16
   9.2105e-17
   2.5553e-16
   1.1224e-15
   4.0019e-15
   1.1108e-14
   2.4409e-14
   4.2890e-14
   6.1288e-14
   7.3634e-14
   7.7738e-14
   7.6727e-14
   7.5192e-14
   7.5732e-14
   7.7502e-14
   7.6619e-14
   6.8740e-14
   5.3073e-14
   3.3977e-14
   1.7848e-14
   9.1406e-15
   1.1396e-14
   3.3449e-14
   9.3412e-14
   2.0939e-13
   3.7545e-13
   5.4726e-13
   6.6524e-13
   7.0845e-13
   7.0124e-13
   6.8600e-13
   6.8903e-13
   7.0565e-13
   7.0259e-13
   6.3924e-13
   5.0409e-13
   3.3524e-13
   1.8743e-13
   9.6374e-14
   5.7134e-14
   4.5721e-14
   4.2897e-14
   4.1190e-14
   4.0083e-14
   4.0341e-14
   4.1425e-14
   4.1269e-14
   3.7431e-14
   2.9262e-14
   1.8971e-14
   9.9469e-15
   4.1514e-15
   1.3789e-15
   3.5532e-16
   7.1232e-17
   1.1061e-17
   1.3536e-18
   1.2506e-19
   8.8374e-21
   4.7455e-22
   2.0081e-23
   6.0938e-25
   1.3543e-26
   2.4039e-28
  -6.9079e-29
  -3.8422e-29
   7.4484e-29
   1.5318e-28
   4.9100e-29
   8.4730e-29
   7.5947e-29
   4.1575e-29
   2.4354e-29
   5.2127e-29
   8.9286e-29
   7.0020e-29
   1.1131e-29
   8.1521e-29
   4.7535e-29
   7.8019e-30
   3.7178e-29
   3.1609e-29
   1.1763e-28
  -4.1541e-29
   8.1125e-29
   2.0463e-29
   2.0107e-29
   4.6986e-29
   5.6001e-29
   2.6715e-29
   7.7952e-29
   8.5502e-29
  -9.8146e-29
   9.8358e-29
   4.3561e-29
   1.1287e-28
  -7.8191e-29
  -8.6702e-29
  -1.0712e-28
  -5.2127e-29
  -3.8449e-29
   2.0337e-29
   5.9441e-29
  -7.8191e-29
  -8.3139e-29
  -5.4219e-29
  -1.5213e-30
  -8.2370e-29
   9.4330e-29
   5.5431e-29
   6.0291e-29
  -1.4996e-29
  -9.1163e-29
  -5.8686e-29
  -1.2915e-29
  -1.4449e-29
   3.2891e-29
   9.5057e-29
   1.4141e-28
   8.8139e-29
   5.1779e-29
   5.4411e-29
   1.4068e-29
  -2.2512e-29
  -3.9659e-29
   8.9918e-29
   7.0212e-29
   5.9644e-29
   4.4262e-29
  -2.2118e-30
   5.4900e-29
  -4.0216e-29
  -8.8615e-30
  -9.6778e-29
  -7.1164e-29
   1.6818e-29
   2.2466e-29
  -4.3957e-29
   1.7001e-29
   1.1640e-28
   4.9883e-28
   2.3876e-26
   9.1436e-25
   2.6534e-23
   5.6660e-22
   9.6480e-21
   1.2622e-19
   1.2732e-18
   9.7539e-18
   5.9232e-17
   2.8000e-16
   1.0347e-15
   2.9810e-15
   6.8743e-15
   1.2697e-14
   1.9107e-14
   2.4045e-14
   2.6305e-14
   2.6430e-14
   2.5866e-14
   2.5789e-14
   2.6326e-14
   2.6490e-14
   2.4770e-14
   2.0330e-14
   1.4023e-14
   7.8902e-15
   3.5806e-15
   1.2725e-15
   3.5721e-16
   7.8661e-17
   1.3527e-17
   1.8121e-18
   1.8883e-19
   1.6399e-20
   1.4613e-20
   1.6141e-19
   1.4730e-18
   1.0405e-17
   5.7062e-17
   2.4379e-16
   8.1498e-16
   2.1286e-15
   4.4547e-15
   7.4954e-15
   1.0346e-14
   1.2090e-14
   1.2536e-14
   1.2254e-14
   1.1987e-14
   1.2114e-14
   1.2469e-14
   1.2423e-14
   1.1242e-14
   8.7508e-15
   5.6364e-15
   2.9385e-15
   1.2967e-15
   8.1558e-16
   1.6421e-15
   4.4210e-15
   9.9221e-15
   1.7883e-14
   2.6223e-14
   3.2382e-14
   3.4959e-14
   3.4883e-14
   3.4157e-14
   3.4198e-14
   3.5045e-14
   3.5667e-14
   3.5733e-14
   3.8922e-14
   5.4876e-14
   9.4526e-14
   1.5853e-13
   2.2997e-13
   2.8376e-13
   3.0655e-13
   3.0557e-13
   2.9855e-13
   2.9828e-13
   3.0531e-13
   3.0725e-13
   2.8585e-13
   2.3205e-13
   1.5781e-13
   8.7492e-14
   3.8871e-14
   1.3688e-14
   3.7929e-15
   8.2309e-16
   1.3941e-16
   1.8382e-17
   1.8832e-18
   1.4968e-19
   9.2161e-21
   4.3903e-22
   1.6160e-23
   4.7237e-25
   1.3128e-26
   1.0772e-25
   3.1879e-24
   7.3164e-23
   1.3007e-21
   1.7927e-20
   1.9176e-19
   1.5938e-18
   1.0310e-17
   5.2026e-17
   2.0555e-16
   6.4338e-16
   1.6142e-15
   3.4041e-15
   6.7503e-15
   1.4344e-14
   3.3468e-14
   7.4838e-14
   1.4438e-13
   2.3150e-13
   3.0951e-13
   3.5448e-13
   3.6401e-13
   3.5535e-13
   3.4834e-13
   3.5166e-13
   3.5830e-13
   3.4919e-13
   3.0608e-13
   2.2942e-13
   1.4197e-13
   7.0871e-14
   2.8149e-14
   9.0263e-15
   3.3460e-15
   4.8108e-15
   1.2676e-14
   2.9124e-14
   5.4283e-14
   8.2931e-14
   1.0653e-13
   1.2023e-13
   1.2704e-13
   1.3437e-13
   1.4665e-13
   1.6164e-13
   1.7135e-13
   1.6796e-13
   1.4938e-13
   1.2147e-13
   9.4454e-14
   7.5940e-14
   6.6663e-14
   6.4428e-14
   6.8373e-14
   7.9130e-14
   9.4117e-14
   1.0706e-13
   1.1255e-13
   1.1140e-13
   1.0908e-13
   1.1127e-13
   1.2172e-13
   1.4159e-13
   1.6811e-13
   1.9381e-13
   2.0934e-13
   2.1016e-13
   1.9985e-13
   1.8729e-13
   1.8020e-13
   1.8069e-13
   1.8437e-13
   1.8119e-13
   1.6150e-13
   1.2381e-13
   7.8784e-14
   4.0650e-14
   1.6928e-14
   5.7663e-15
   2.5583e-15
   4.2375e-15
   1.0882e-14
   2.3601e-14
   4.1116e-14
   5.8989e-14
   7.1324e-14
   7.5875e-14
   7.5202e-14
   7.3663e-14
   7.3984e-14
   7.5700e-14
   7.5354e-14
   6.8705e-14
   5.4272e-14
   3.5674e-14
   1.9128e-14
   8.1623e-15
   2.7793e-15
   7.3859e-16
   1.5359e-16
   2.5232e-17
   3.1907e-18
   3.1833e-19
   2.4312e-20
   1.4394e-21
   6.7301e-23
   2.3919e-24
   6.7289e-26
   1.5098e-27
   4.8006e-29
  -3.6244e-29
  -5.3006e-29
   1.0181e-29
  -2.9236e-29
   1.4609e-28
   3.5278e-29
   8.4817e-29
   7.7527e-29
   6.1767e-29
   1.0802e-28
   6.2627e-29
   3.2164e-29
   5.9953e-29
   1.8188e-28
   6.8373e-29
   9.3358e-29
   1.0468e-28
   5.3554e-29
   7.6698e-29
   1.4072e-28
  -6.6563e-29
  -8.8304e-29
   1.0845e-31
   2.4088e-27
   9.8873e-26
   3.0917e-24
   7.7234e-23
   1.4370e-21
   2.0715e-20
   2.3688e-19
   2.0535e-18
   1.3865e-17
   7.3075e-17
   3.0503e-16
   9.8719e-16
   2.5260e-15
   5.1535e-15
   8.5231e-15
   1.1563e-14
   1.3356e-14
   1.3768e-14
   1.3447e-14
   1.3176e-14
   1.3337e-14
   1.3716e-14
   1.3610e-14
   1.2250e-14
   9.4948e-15
   6.0797e-15
   3.1631e-15
   1.3126e-15
   4.2997e-16
   1.1035e-16
   2.2061e-17
   3.4181e-18
   4.0841e-19
   3.7989e-20
   2.7917e-21
   1.5936e-22
   7.0615e-24
   2.4285e-25
   6.3734e-27
   2.9729e-29
  -7.6117e-29
  -2.1213e-29
   3.0524e-29
  -3.3170e-29
   1.1338e-28
   5.0503e-28
   2.1221e-26
   9.4518e-25
   3.2719e-23
   8.7682e-22
   1.8208e-20
   2.9330e-19
   3.6693e-18
   3.5047e-17
   2.6616e-16
   1.5773e-15
   7.3127e-15
   2.6617e-14
   7.5817e-14
   1.7330e-13
   3.1808e-13
   4.7654e-13
   5.9782e-13
   6.5241e-13
   6.5397e-13
   6.3848e-13
   6.3550e-13
   6.4930e-13
   6.5741e-13
   6.2209e-13
   5.2078e-13
   3.6830e-13
   2.1379e-13
   1.0073e-13
   3.7508e-14
   1.1162e-14
   2.5737e-15
   4.6257e-16
   6.6253e-17
   7.1881e-18
   6.2417e-19
   4.0405e-20
   2.1101e-21
   8.0438e-23
   2.5039e-24
   5.5110e-26
   1.0732e-27
   4.5094e-29
   9.8933e-29
  -2.9412e-29
   4.5688e-29
   2.7670e-29
   2.2293e-28
   3.4049e-27
   1.4558e-25
   4.5494e-24
   1.1545e-22
   2.1699e-21
   3.1761e-20
   3.7283e-19
   3.3079e-18
   2.2951e-17
   1.2479e-16
   5.4055e-16
   1.8163e-15
   4.8411e-15
   1.0316e-14
   1.7859e-14
   2.5335e-14
   3.0477e-14
   3.2407e-14
   3.2161e-14
   3.1519e-14
   3.1628e-14
   3.2311e-14
   3.2194e-14
   2.9532e-14
   2.3685e-14
   1.5987e-14
   8.8523e-15
   3.9547e-15
   1.4098e-15
   3.9810e-16
   8.8597e-17
   1.5483e-17
   2.1193e-18
   2.2673e-19
   1.8931e-20
   1.2321e-21
   6.2437e-23
   2.4617e-24
   7.5595e-26
   1.8436e-27
   6.8295e-29
   7.5356e-28
   3.2196e-26
   1.1351e-24
   3.1164e-23
   6.6591e-22
   1.1084e-20
   1.4081e-19
   1.4292e-18
   1.1339e-17
   7.0444e-17
   3.3895e-16
   1.3037e-15
   3.9645e-15
   9.5234e-15
   1.8531e-14
   2.9353e-14
   3.8619e-14
   4.3830e-14
   4.4855e-14
   4.3902e-14
   4.3356e-14
   4.4443e-14
   4.7035e-14
   5.0112e-14
   5.2830e-14
   5.4934e-14
   5.6462e-14
   5.6872e-14
   5.5617e-14
   5.3211e-14
   5.1107e-14
   5.0541e-14
   5.1427e-14
   5.1953e-14
   4.9288e-14
   4.1621e-14
   2.9890e-14
   1.7840e-14
   8.6623e-15
   3.3494e-15
   1.0388e-15
   2.5556e-16
   5.3918e-17
   4.0312e-17
   1.9017e-16
   8.4640e-16
   2.9973e-15
   8.4470e-15
   1.9069e-14
   3.4829e-14
   5.2399e-14
   6.6039e-14
   7.2592e-14
   7.3136e-14
   7.1495e-14
   7.0969e-14
   7.2316e-14
   7.3401e-14
   7.0292e-14
   6.0097e-14
   4.3913e-14
   2.6604e-14
   1.3098e-14
   5.2120e-15
   1.6377e-15
   4.0645e-16
   7.9337e-17
   1.2140e-17
   1.4529e-18
   1.3807e-19
   1.0305e-20
   6.2812e-22
   6.3405e-22
   1.1797e-20
   1.8140e-19
   2.1754e-18
   2.0374e-17
   1.4753e-16
   8.4858e-16
   3.8018e-15
   1.3605e-14
   3.8667e-14
   8.7419e-14
   1.6108e-13
   2.4323e-13
   3.1052e-13
   3.4541e-13
   3.5200e-13
   3.4723e-13
   3.4712e-13
   3.5610e-13
   3.6474e-13
   3.5453e-13
   3.1135e-13
   2.3753e-13
   1.5551e-13
   8.8229e-14
   4.5974e-14
   2.5381e-14
   1.6182e-14
   1.0949e-14
   6.8548e-15
   3.6327e-15
   1.5699e-15
   5.4420e-16
   1.4850e-16
   3.3334e-17
   1.2227e-17
   3.4602e-17
   1.3615e-16
   4.3617e-16
   1.1202e-15
   2.3210e-15
   3.9211e-15
   5.4939e-15
   6.5549e-15
   6.9318e-15
   6.8581e-15
   6.7081e-15
   6.7214e-15
   6.8786e-15
   6.9104e-15
   6.4472e-15
   5.3209e-15
   3.7294e-15
   2.1660e-15
   1.0252e-15
   3.9117e-16
   1.2086e-16
   2.9410e-17
   5.6686e-18
   8.6246e-19
   1.0513e-19
   9.8908e-21
   7.2873e-22
   4.2790e-23
   2.0859e-24
   2.7171e-16
   5.6887e-17
   9.2252e-18
   1.1918e-18
   1.2296e-19
   9.7492e-21
   5.7808e-22
   2.7870e-23
   1.0979e-24
   3.2207e-26
   7.1422e-28
  -2.3557e-29
  -1.5059e-29
  -3.3119e-29
   1.0250e-29
   1.2624e-29
   3.3760e-30
   3.3018e-30
   4.4632e-29
  -7.9243e-30
   5.1415e-29
   3.7995e-29
  -2.8562e-29
  -4.7941e-29
   1.9276e-29
   2.8570e-29
  -2.3315e-29
  -7.5218e-29
  -1.1533e-28
  -2.7565e-29
   7.3561e-29
  -1.2736e-28
   5.5811e-29
  -3.8505e-29
   3.0875e-29
  -6.1604e-29
  -7.4080e-29
  -9.9978e-29
  -9.1629e-29
  -9.7894e-29
   8.4650e-28
   4.7208e-26
   1.8663e-24
   5.9171e-23
   1.3196e-21
   2.4511e-20
   3.3585e-19
   3.8974e-18
   3.3624e-17
   2.3209e-16
   1.2347e-15
   5.1151e-15
   1.7231e-14
   4.6343e-14
   9.7311e-14
   1.6843e-13
   2.3800e-13
   2.8584e-13
   3.0305e-13
   3.0016e-13
   2.9369e-13
   2.9446e-13
   3.0120e-13
   3.0197e-13
   2.7987e-13
   2.2646e-13
   1.5572e-13
   8.7330e-14
   3.9501e-14
   1.4495e-14
   4.6203e-15
   2.1609e-15
   2.6799e-15
   4.1260e-15
   5.6206e-15
   6.5597e-15
   6.8309e-15
   6.7212e-15
   6.5939e-15
   6.6484e-15
   6.8063e-15
   6.7392e-15
   6.1138e-15
   4.7924e-15
   3.1611e-15
   1.6764e-15
   7.4416e-16
   2.5638e-16
   6.9797e-17
   1.4944e-17
   2.5433e-18
   3.3934e-19
   3.5992e-20
   2.9552e-21
   1.7040e-21
   2.6330e-20
   3.6483e-19
   3.7659e-18
   3.1915e-17
   2.0399e-16
   1.0962e-15
   4.3573e-15
   1.4074e-14
   3.5786e-14
   7.3558e-14
   1.2179e-13
   1.6907e-13
   2.0138e-13
   2.1723e-13
   2.2597e-13
   2.3740e-13
   2.5457e-13
   2.7353e-13
   2.8490e-13
   2.8133e-13
   2.6043e-13
   2.2855e-13
   1.9584e-13
   1.6821e-13
   1.4669e-13
   1.2933e-13
   1.1655e-13
   1.1074e-13
   1.1354e-13
   1.2165e-13
   1.2876e-13
   1.2973e-13
   1.2382e-13
   1.1483e-13
   1.0729e-13
   1.0425e-13
   1.0553e-13
   1.0744e-13
   1.0382e-13
   9.0767e-14
   6.7845e-14
   4.4424e-14
   3.1497e-14
   3.9535e-14
   7.6783e-14
   1.4169e-13
   2.1797e-13
   2.8390e-13
   3.1849e-13
   3.2349e-13
   3.1560e-13
   3.1130e-13
   3.1628e-13
   3.2385e-13
   3.1676e-13
   2.7931e-13
   2.1239e-13
   1.3338e-13
   6.8773e-14
   2.8087e-14
   9.3280e-15
   2.4528e-15
   5.0198e-16
   7.6859e-17
   9.8616e-18
   1.0081e-18
   7.8110e-20
   5.2102e-21
   2.6283e-22
   9.4040e-24
   2.7652e-25
   6.4617e-27
   2.6079e-28
   1.0425e-28
   1.6752e-28
   2.0426e-28
   1.5888e-28
   9.6926e-29
   8.0127e-29
   1.6941e-28
   6.8648e-29
   3.7960e-29
  -2.1481e-29
   4.3596e-29
   2.1169e-28
   1.8137e-29
   3.1385e-29
   6.9082e-29
   3.7213e-30
   8.1464e-29
  -3.8807e-31
   4.1322e-29
  -2.6064e-29
  -4.6328e-29
  -1.3147e-28
  -5.1542e-29
  -4.6226e-29
  -3.4024e-29
  -9.6079e-29
   1.7172e-29
   1.1101e-28
   1.5046e-28
   4.1988e-27
   1.7642e-25
   4.8854e-24
   1.2117e-22
   2.3478e-21
   3.2585e-20
   4.0048e-19
   3.6551e-18
   2.5768e-17
   1.5010e-16
   6.7818e-16
   2.4050e-15
   6.9132e-15
   1.5944e-14
   2.9617e-14
   4.5443e-14
   5.8533e-14
   6.5186e-14
   6.6216e-14
   6.4798e-14
   6.4079e-14
   6.5113e-14
   6.6301e-14
   6.4296e-14
   5.6169e-14
   4.2717e-14
   2.6907e-14
   1.3936e-14
   5.9466e-15
   1.9828e-15
   5.3243e-16
   1.2180e-16
   6.4494e-17
   2.2446e-16
   9.0793e-16
   2.7945e-15
   7.2843e-15
   1.4712e-14
   2.4433e-14
   3.4241e-14
   4.0653e-14
   4.3002e-14
   4.2655e-14
   4.1796e-14
   4.1897e-14
   4.2820e-14
   4.2885e-14
   3.9839e-14
   3.2672e-14
   2.2656e-14
   1.3051e-14
   6.1398e-15
   2.3095e-15
   6.9444e-16
   1.7200e-16
   3.2835e-17
   4.9594e-18
   6.2020e-19
   5.8473e-20
   4.3318e-21
   2.5864e-22
   1.2426e-23
   4.3053e-25
   1.1911e-26
   2.6637e-28
  -9.1385e-29
  -7.8886e-29
  -1.0229e-28
  -4.4384e-29
  -5.7549e-31
  -4.0186e-30
  -3.7495e-29
  -2.8316e-29
   5.8451e-29
  -9.2394e-29
  -6.5500e-29
   7.3923e-30
   7.8191e-29
   1.8945e-28
   1.2152e-29
   1.3490e-28
   9.2581e-29
   4.2635e-29
   8.4196e-29
   2.2668e-27
   9.6668e-26
   3.2077e-24
   7.9514e-23
   1.5375e-21
   2.4283e-20
   2.9417e-19
   2.7464e-18
   2.0263e-17
   1.1868e-16
   5.7160e-16
   2.1850e-15
   6.5882e-15
   1.5747e-14
   3.1512e-14
   5.0790e-14
   6.8660e-14
   8.0017e-14
   8.3431e-14
   8.2408e-14
   8.1290e-14
   8.2864e-14
   8.7018e-14
   9.0682e-14
   8.9091e-14
   7.9561e-14
   6.3496e-14
   4.6890e-14
   3.3772e-14
   2.6522e-14
   2.3646e-14
   2.3159e-14
   2.2924e-14
   2.1255e-14
   1.7445e-14
   1.2182e-14
   7.0848e-15
   3.3374e-15
   1.2883e-15
   3.8947e-16
   9.7202e-17
   1.8673e-17
   2.9805e-18
   3.7945e-19
   4.0465e-20
   4.3403e-20
   4.1903e-19
   3.3485e-18
   2.0767e-17
   1.0061e-16
   3.9810e-16
   1.2435e-15
   3.1517e-15
   6.4197e-15
   1.0771e-14
   1.5021e-14
   1.7857e-14
   1.8863e-14
   1.8622e-14
   1.8142e-14
   1.8134e-14
   1.8600e-14
   1.8864e-14
   1.7896e-14
   1.5133e-14
   1.0956e-14
   6.5476e-15
   3.2362e-15
   1.2855e-15
   4.1886e-16
   1.0803e-16
   2.2474e-17
   4.0304e-18
   5.2951e-18
   4.1914e-17
   2.8651e-16
   1.5568e-15
   6.5333e-15
   2.2437e-14
   6.3411e-14
   1.4278e-13
   2.5752e-13
   3.8953e-13
   4.9293e-13
   5.4497e-13
   5.5149e-13
   5.3887e-13
   5.3240e-13
   5.4119e-13
   5.5434e-13
   5.4666e-13
   4.9395e-13
   3.9335e-13
   2.7293e-13
   1.7133e-13
   1.0310e-13
   6.7065e-14
   5.1992e-14
   4.7248e-14
   4.7055e-14
   4.7883e-14
   4.6707e-14
   4.1215e-14
   3.1760e-14
   2.0462e-14
   1.0851e-14
   4.6735e-15
   1.6748e-15
   4.6691e-16
   1.0204e-16
   1.8162e-17
   2.5137e-18
   2.7352e-19
   2.4156e-20
   1.6407e-21
   8.5500e-23
   3.5299e-24
   1.1327e-25
   2.8062e-27
   1.2881e-29
  -2.0249e-29
   5.5026e-29
   3.0014e-29
   5.5576e-29
  -3.6486e-29
  -1.7212e-29
   1.6035e-28
   7.9733e-29
   2.7838e-29
   1.0233e-28
   5.9956e-29
   7.5155e-29
   1.8124e-29
   4.2249e-29
  -3.0183e-29
   7.5500e-29
   1.4848e-29
  -1.9762e-29
   1.0512e-29
   1.6540e-29
  -9.9921e-29
  -1.1304e-28
   7.3489e-30
   7.7050e-29
  -3.4798e-29
  -8.4375e-30
   1.2942e-28
   1.4112e-28
  -1.1998e-28
  -1.7469e-28
   4.6276e-29
  -1.3124e-28
   1.4076e-27
   6.6207e-26
   2.3549e-24
   6.5149e-23
   1.4109e-21
   2.3986e-20
   3.0212e-19
   3.2059e-18
   2.6982e-17
   1.8056e-16
   9.6274e-16
   4.1219e-15
   1.4146e-14
   3.8053e-14
   8.3934e-14
   1.4912e-13
   2.1802e-13
   2.7085e-13
   2.9537e-13
   2.9666e-13
   2.9033e-13
   2.8904e-13
   2.9581e-13
   3.0225e-13
   2.9267e-13
   2.5486e-13
   1.9310e-13
   1.2248e-13
   6.5702e-14
   3.0986e-14
   1.4747e-14
   8.6832e-15
   6.3255e-15
   4.6737e-15
   3.0240e-15
   1.6234e-15
   7.0970e-16
   2.4877e-16
   8.7042e-17
   1.3769e-16
   6.7067e-16
   2.8833e-15
   9.7744e-15
   2.6710e-14
   5.9087e-14
   1.0522e-13
   1.5701e-13
   1.9963e-13
   2.2720e-13
   2.4365e-13
   2.5849e-13
   2.7489e-13
   2.9000e-13
   2.9667e-13
   2.8686e-13
   2.5676e-13
   2.1182e-13
   1.6320e-13
   1.2294e-13
   9.2147e-14
   6.6198e-14
   4.2733e-14
   2.3679e-14
   1.0654e-14
   3.8506e-15
   1.1302e-15
   2.6585e-16
   4.8780e-17
   7.3637e-18
   1.8931e-18
   9.0707e-18
   5.9555e-17
   3.1282e-16
   1.3272e-15
   4.5312e-15
   1.2486e-14
   2.8589e-14
   5.4605e-14
   8.7882e-14
   1.2200e-13
   1.4774e-13
   1.6117e-13
   1.6427e-13
   1.6277e-13
   1.6194e-13
   1.6279e-13
   1.6178e-13
   1.5298e-13
   1.3259e-13
   1.0143e-13
   6.6854e-14
   3.7447e-14
   1.7347e-14
   6.5939e-15
   2.0616e-15
   5.1361e-16
   1.0233e-16
   1.6465e-17
   2.0625e-18
   2.0332e-19
   1.5981e-20
   9.6549e-22
   4.6227e-23
   1.6942e-24
   4.8230e-26
   1.4082e-27
   9.6456e-29
   1.9743e-28
   6.4942e-27
   2.7320e-25
   8.9614e-24
   2.1915e-22
   4.3590e-21
   6.6293e-20
   8.2747e-19
   7.9515e-18
   5.7971e-17
   3.5094e-16
   1.6958e-15
   6.4725e-15
   2.0219e-14
   5.1585e-14
   1.0494e-13
   1.7526e-13
   2.4341e-13
   2.8849e-13
   3.0546e-13
   3.0257e-13
   2.9556e-13
   2.9548e-13
   3.0304e-13
   3.0883e-13
   2.9714e-13
   2.5859e-13
   1.9608e-13
   1.2898e-13
   7.4454e-14
   4.1913e-14
   2.6658e-14
   2.1225e-14
   2.0119e-14
   2.0149e-14
   1.9353e-14
   1.6727e-14
   1.2377e-14
   7.7831e-15
   4.0152e-15
   1.8168e-15
   1.1184e-15
   2.0246e-15
   5.2271e-15
   1.1768e-14
   2.1564e-14
   3.2534e-14
   4.1835e-14
   4.6720e-14
   4.7597e-14
   4.6703e-14
   4.6102e-14
   4.6690e-14
   4.7573e-14
   4.6613e-14
   4.1659e-14
   3.2695e-14
   2.1422e-14
   1.1668e-14
   5.1695e-15
   1.8582e-15
   5.4398e-16
   1.2157e-16
   2.2362e-17
   3.5088e-18
   4.0667e-19
   3.9593e-20
   3.0476e-21
   1.7437e-22
   8.0435e-24
   2.8196e-25
   8.5668e-27
   2.1450e-28
   3.2948e-30
   2.2792e-29
   6.7749e-29
   2.5663e-29
  -6.6070e-29
   3.7117e-29
   9.3340e-29
   3.1297e-27
   1.1211e-25
   3.1427e-24
   6.7293e-23
   1.1655e-21
   1.5214e-20
   1.6147e-19
   1.2784e-18
   8.2906e-18
   4.2023e-17
   1.7506e-16
   5.6275e-16
   1.4978e-15
   3.2133e-15
   5.6449e-15
   8.3708e-15
   1.0427e-14
   1.1412e-14
   1.1617e-14
   1.1801e-14
   1.3094e-14
   1.6677e-14
   2.3352e-14
   3.2804e-14
   4.2761e-14
   4.9958e-14
   5.2893e-14
   5.3366e-14
   5.5777e-14
   6.4599e-14
   8.2405e-14
   1.0615e-13
   1.2633e-13
   1.3551e-13
   1.3142e-13
   1.1925e-13
   1.0740e-13
   1.0056e-13
   9.8898e-14
   9.7657e-14
   9.0763e-14
   7.5350e-14
   5.3260e-14
   3.1764e-14
   1.5562e-14
   6.0778e-15
   1.9107e-15
   4.9587e-16
   1.0169e-16
   1.6671e-17
   2.2801e-18
   2.3633e-19
   1.9779e-20
   1.2995e-21
   6.6743e-23
   2.6710e-24
   7.9681e-26
   1.9706e-27
   8.3777e-29
   1.9351e-30
  -1.3971e-28
  -5.5819e-29
   7.7786e-30
  -8.3927e-29
  -4.8913e-29
   1.5114e-29
  -3.3875e-29
  -3.1148e-29
  -2.4488e-29
  -4.6852e-29
  -1.9550e-29
  -2.2404e-29
  -1.5922e-30
  -4.3008e-29
  -5.3915e-29
  -2.8990e-30
   4.2825e-31
  -8.7233e-29
   8.6638e-31
  -6.7336e-29
  -2.0256e-29
  -1.7217e-29
   5.9920e-29
   6.7901e-30
  -1.1730e-29
  -5.4565e-29
  -4.2937e-29
   3.8534e-29
   4.1217e-29
  -1.1745e-28
  -9.6544e-29
  -7.9545e-29
  -8.8332e-29
   6.5275e-29
  -9.7234e-30
  -3.1182e-29
   8.1032e-29
   7.1582e-30
   6.4859e-29
   4.1388e-29
   2.9953e-30
   9.3757e-29
   1.2920e-29
   1.0228e-30
   4.6180e-29
   3.9117e-29
   1.5852e-28
   2.8093e-29
  -7.6258e-29
   2.9788e-29
   3.8179e-29
   7.2523e-29
  -1.9532e-29
  -1.3971e-28
  -3.2467e-29
  -1.2307e-29
  -1.2239e-28
  -1.3024e-28
  -1.2086e-28
  -7.8957e-29
  -1.4814e-29
  -1.9309e-28
   7.3106e-29
  -6.2834e-29
  -3.6310e-29
   8.1926e-30
   1.0117e-28
  -3.8711e-30
   1.4376e-28
  -8.6891e-29
  -4.9694e-29
  -8.2366e-29
  -2.1150e-31
   3.6404e-29
   2.4080e-29
   2.7156e-29
  -5.2451e-29
  -4.3742e-29
  -7.2382e-29
   3.1992e-30
  -1.4620e-28
  -5.9105e-29
   3.8869e-29
  -1.5201e-29
  -1.1376e-29
  -7.7183e-29
  -8.8760e-29
   1.8991e-29
  -5.4382e-30
   2.8975e-29
   7.3330e-29
   7.9418e-29
   7.8912e-29
  -2.4728e-29
  -2.5549e-29
   1.5800e-29
  -2.9192e-29
   1.8076e-29
  -1.4567e-29
   9.5694e-30
   1.2341e-29
   8.3556e-29
  -3.7980e-29
   6.5313e-29
   7.0629e-29
   1.2139e-28
   4.7759e-30
   2.9227e-29
   2.6397e-27
   1.1659e-25
   4.0727e-24
   1.0743e-22
   2.2105e-21
   3.5662e-20
   4.3807e-19
   4.5959e-18
   3.7271e-17
   2.6284e-16
   1.4405e-15
   6.2401e-15
   2.1288e-14
   5.9261e-14
   1.3285e-13
   2.4019e-13
   3.6125e-13
   4.6289e-13
   5.1604e-13
   5.2547e-13
   5.1345e-13
   5.0542e-13
   5.1208e-13
   5.2534e-13
   5.2186e-13
   4.7741e-13
   3.8954e-13
   2.7825e-13
   1.8092e-13
   1.1385e-13
   7.9679e-14
   6.3863e-14
   5.7413e-14
   5.5086e-14
   5.5369e-14
   5.6525e-14
   5.5902e-14
   5.0764e-14
   4.0272e-14
   2.7603e-14
   1.5435e-14
   7.2061e-15
   2.7678e-15
   8.3197e-16
   2.0170e-16
   3.8813e-17
   6.0553e-18
   7.0409e-19
   6.6820e-20
   6.2000e-21
   1.4726e-20
   1.4258e-19
   1.1077e-18
   6.7843e-18
   3.3812e-17
   1.3294e-16
   4.2445e-16
   1.1340e-15
   2.6819e-15
   6.0893e-15
   1.3917e-14
   3.2076e-14
   6.6486e-14
   1.2167e-13
   1.9037e-13
   2.4963e-13
   2.8691e-13
   2.9789e-13
   2.9529e-13
   2.9618e-13
   3.1433e-13
   3.5475e-13
   4.0988e-13
   4.5754e-13
   4.7126e-13
   4.4535e-13
   3.9306e-13
   3.4334e-13
   3.1091e-13
   3.0064e-13
   3.0200e-13
   2.9946e-13
   2.7715e-13
   2.3021e-13
   1.6284e-13
   9.7751e-14
   4.8218e-14
   1.9358e-14
   6.3734e-15
   1.6164e-15
   3.4778e-16
   6.1718e-17
   8.3879e-18
   9.5582e-19
   9.0541e-20
   5.9853e-21
   3.2539e-22
   1.3813e-23
   4.6617e-25
   1.1868e-26
   2.1235e-28
   3.3857e-29
  -4.0784e-29
   9.9135e-29
  -9.1560e-29
  -7.1968e-30
   1.0296e-27
   4.6923e-26
   1.5745e-24
   4.1024e-23
   7.9310e-22
   1.3213e-20
   1.5645e-19
   1.5774e-18
   1.2014e-17
   7.3311e-17
   3.7648e-16
   1.5302e-15
   5.0831e-15
   1.3696e-14
   2.8932e-14
   5.0448e-14
   7.3741e-14
   9.1233e-14
   9.9580e-14
   1.0032e-13
   9.8129e-14
   9.7525e-14
   1.0048e-13
   1.0596e-13
   1.1023e-13
   1.0892e-13
   1.0018e-13
   8.6190e-14
   7.1220e-14
   5.9029e-14
   5.1241e-14
   4.7792e-14
   4.7471e-14
   4.8324e-14
   4.7772e-14
   4.3478e-14
   3.4581e-14
   2.3221e-14
   1.3157e-14
   6.1726e-15
   2.2989e-15
   7.0710e-16
   1.8015e-16
   5.3870e-17
   1.1321e-16
   4.8297e-16
   1.6623e-15
   4.7986e-15
   1.1032e-14
   2.0966e-14
   3.2745e-14
   4.3393e-14
   4.9799e-14
   5.1624e-14
   5.0881e-14
   5.0018e-14
   5.0338e-14
   5.1402e-14
   5.1165e-14
   4.7217e-14
   3.8602e-14
   2.6981e-14
   1.5622e-14
   7.4232e-15
   2.8796e-15
   9.1795e-16
   2.4042e-16
   4.9068e-17
   7.9724e-18
   1.0442e-18
   1.0967e-19
   8.7205e-21
   5.5102e-22
   2.6674e-23
   1.0289e-24
   7.8245e-25
   2.2298e-23
   5.5322e-22
   1.0180e-20
   1.4100e-19
   1.6079e-18
   1.4148e-17
   9.9984e-17
   5.5136e-16
   2.5028e-15
   8.7425e-15
   2.5105e-14
   5.9254e-14
   1.1438e-13
   1.8040e-13
   2.4016e-13
   2.7649e-13
   2.8738e-13
   2.8262e-13
   2.7667e-13
   2.7780e-13
   2.8457e-13
   2.8684e-13
   2.6955e-13
   2.2545e-13
   1.6266e-13
   9.7888e-14
   4.8698e-14
   1.9423e-14
   6.3908e-15
   1.6710e-15
   3.5890e-16
   6.0396e-17
   8.1434e-18
   8.3160e-19
   1.5236e-19
   8.6445e-19
   7.1033e-18
   4.9333e-17
   2.7307e-16
   1.1697e-15
   4.0433e-15
   1.1046e-14
   2.5338e-14
   4.6647e-14
   7.2382e-14
   9.4004e-14
   1.0704e-13
   1.1044e-13
   1.0855e-13
   1.0680e-13
   1.0764e-13
   1.0991e-13
   1.0916e-13
   1.0046e-13
   2.3871e-14
   2.3486e-14
   2.2981e-14
   2.3041e-14
   2.3590e-14
   2.3838e-14
   2.2697e-14
   1.9622e-14
   1.5536e-14
   1.2966e-14
   1.4761e-14
   2.2074e-14
   3.3459e-14
   4.5703e-14
   5.6516e-14
   6.6873e-14
   8.0827e-14
   1.0116e-13
   1.2582e-13
   1.4773e-13
   1.5977e-13
   1.5957e-13
   1.4992e-13
   1.3659e-13
   1.2509e-13
   1.1753e-13
   1.1112e-13
   1.0024e-13
   8.1401e-14
   5.7127e-14
   3.3676e-14
   1.6458e-14
   6.5919e-15
   2.1424e-15
   5.5981e-16
   1.1663e-16
   1.9232e-17
   2.4953e-18
   2.6230e-19
   2.4699e-20
   1.8338e-21
   1.0627e-22
   4.7753e-24
   1.6579e-25
   4.4748e-27
   1.2082e-28
  -1.9260e-29
  -3.5519e-29
  -3.1696e-29
  -7.5113e-29
  -6.6601e-29
  -1.0349e-28
  -3.1572e-29
  -9.4134e-29
  -2.6742e-29
  -5.7644e-29
   1.4681e-29
  -5.6077e-29
  -2.2061e-29
  -5.3085e-29
  -1.8423e-29
  -7.2932e-29
  -5.1602e-29
  -1.1735e-28
  -9.8609e-29
  -8.2756e-29
  -9.5967e-29
   5.1284e-29
   6.9346e-29
  -5.4509e-29
  -7.8191e-29
   2.1520e-29
   2.2873e-27
   8.6991e-26
   2.5624e-24
   5.8170e-23
   1.0208e-21
   1.3954e-20
   1.7118e-19
   1.7521e-18
   1.4055e-17
   8.8819e-17
   4.4500e-16
   1.7811e-15
   5.7431e-15
   1.5049e-14
   3.2324e-14
   5.7445e-14
   8.5054e-14
   1.0756e-13
   1.1954e-13
   1.2184e-13
   1.1961e-13
   1.1806e-13
   1.1938e-13
   1.2178e-13
   1.2031e-13
   1.0936e-13
   8.7438e-14
   5.9800e-14
   3.4292e-14
   1.6252e-14
   6.3526e-15
   1.9908e-15
   4.9963e-16
   9.9620e-17
   1.5676e-17
   2.0566e-18
   2.3704e-19
   2.1080e-20
   3.8503e-21
   3.7400e-20
   4.5416e-19
   4.2451e-18
   3.2116e-17
   1.9418e-16
   9.4753e-16
   3.8622e-15
   1.2779e-14
   3.3920e-14
   7.3001e-14
   1.2903e-13
   1.8979e-13
   2.3907e-13
   2.6456e-13
   2.6808e-13
   2.6165e-13
   2.5758e-13
   2.6086e-13
   2.6730e-13
   2.6579e-13
   2.4386e-13
   1.9761e-13
   1.3741e-13
   7.9444e-14
   3.7602e-14
   1.4780e-14
   4.7239e-15
   1.2249e-15
   2.5987e-16
   4.3332e-17
   6.0098e-18
   3.0167e-18
   1.5998e-17
   8.4632e-17
   3.6343e-16
   1.3176e-15
   3.7885e-15
   8.8792e-15
   1.7013e-14
   2.6950e-14
   3.6289e-14
   4.2369e-14
   4.4563e-14
   4.4140e-14
   4.3261e-14
   4.3310e-14
   4.4192e-14
   4.4468e-14
   4.2093e-14
   3.5772e-14
   2.6409e-14
   1.6380e-14
   8.4332e-15
   3.5544e-15
   1.2476e-15
   3.5230e-16
   8.1524e-17
   1.4868e-17
   2.1860e-18
   2.4920e-19
   2.2602e-20
   1.5748e-21
   9.8493e-23
   5.2999e-24
   2.2751e-25
   7.1517e-27
   2.7556e-28
   2.2014e-29
   1.2973e-27
   4.3566e-26
   1.1245e-24
   2.2710e-23
   4.5736e-22
   7.2691e-21
   8.8544e-20
   8.5896e-19
   6.4449e-18
   3.8374e-17
   1.8630e-16
   7.1919e-16
   2.2898e-15
   6.0795e-15
   1.2978e-14
   2.2779e-14
   3.3462e-14
   4.2135e-14
   4.6674e-14
   4.7478e-14
   4.6503e-14
   4.5847e-14
   4.6403e-14
   4.7405e-14
   4.6882e-14
   4.2777e-14
   3.4560e-14
   2.3952e-14
   1.3904e-14
   6.5893e-15
   2.5750e-15
   8.3505e-16
   2.2073e-16
   4.7091e-17
   8.0270e-18
   1.0658e-18
   1.1311e-19
   9.3839e-21
   6.0602e-22
   3.7407e-23
   1.9128e-24
   7.3821e-26
   2.1069e-27
   6.8418e-29
   2.1403e-29
  -8.6435e-29
   7.1119e-29
   1.4894e-30
  -2.0581e-29
   6.4897e-30
   3.4064e-29
  -1.8265e-29
   1.0415e-28
  -8.0770e-29
  -1.2996e-28
  -8.0939e-29
   1.4646e-29
   4.4970e-28
   1.8609e-26
   5.7571e-25
   1.3705e-23
   2.5202e-22
   3.5936e-21
   4.0019e-20
   3.5205e-19
   2.7522e-18
   1.7579e-17
   8.8709e-17
   3.5644e-16
   1.1509e-15
   3.0164e-15
   6.4835e-15
   1.1549e-14
   1.7187e-14
   2.1842e-14
   2.4354e-14
   2.4843e-14
   2.4333e-14
   2.3919e-14
   2.4127e-14
   2.4725e-14
   2.4770e-14
   2.3005e-14
   1.9031e-14
   1.3551e-14
   8.1292e-15
   4.0402e-15
   1.6546e-15
   5.4283e-16
   1.4225e-16
   3.1492e-17
   5.8455e-18
   8.5066e-19
   9.8058e-20
   9.0484e-21
   6.3850e-22
   3.5010e-23
   1.5104e-24
   6.4731e-26
   2.4115e-27
   8.8661e-29
   3.8831e-29
  -3.8754e-29
  -6.5316e-30
  -1.0250e-28
   5.9473e-29
  -4.5354e-29
  -1.3709e-29
   2.4102e-29
   4.2404e-29
  -2.7433e-29
  -1.0894e-28
   3.6173e-29
  -1.1317e-30
  -1.2333e-29
  -9.3440e-30
   1.3058e-28
   9.8247e-29
   7.8025e-29
   2.6416e-29
  -5.0016e-29
  -2.9685e-29
   9.7901e-29
   5.5284e-29
   7.8167e-29
   1.4567e-28
   1.5241e-28
   1.4386e-28
   7.9191e-29
   2.4093e-28
   1.2164e-28
   2.1102e-28
   9.1256e-29
  -8.6765e-29
   6.0185e-30
   6.5159e-29
   6.1976e-29
  -7.6486e-29
   2.3614e-29
  -5.9346e-30
   1.8839e-29
   2.7254e-29
   2.0286e-29
  -7.7619e-29
  -8.5205e-29
   7.9508e-31
   1.9040e-27
   7.6738e-26
   2.2947e-24
   5.3938e-23
   9.5339e-22
   1.2989e-20
   1.3733e-19
   1.2176e-18
   9.7684e-18
   6.0792e-17
   2.9945e-16
   1.1786e-15
   3.7476e-15
   9.7374e-15
   2.1044e-14
   3.7607e-14
   5.6221e-14
   7.1714e-14
   8.0478e-14
   8.2603e-14
   8.1175e-14
   7.9773e-14
   8.0390e-14
   8.2578e-14
   8.3937e-14
   8.2864e-14
   8.1737e-14
   8.7777e-14
   1.0850e-13
   1.4405e-13
   1.8381e-13
   2.1286e-13
   2.2493e-13
   2.2445e-13
   2.2076e-13
   2.2099e-13
   2.2618e-13
   2.3073e-13
   2.2390e-13
   1.9794e-13
   1.5439e-13
   1.0439e-13
   6.1578e-14
   3.3976e-14
   2.1444e-14
   1.8960e-14
   2.0658e-14
   2.2679e-14
   2.3522e-14
   2.3172e-14
   2.2404e-14
   2.1980e-14
   2.2181e-14
   2.2622e-14
   2.2359e-14
   2.0533e-14
   1.7224e-14
   1.3871e-14
   1.3384e-14
   1.9410e-14
   3.6167e-14
   6.7259e-14
   1.1391e-13
   1.7410e-13
   2.3743e-13
   2.8940e-13
   3.1935e-13
   3.2735e-13
   3.2366e-13
   3.1896e-13
   3.1722e-13
   3.1534e-13
   3.0544e-13
   2.7819e-13
   2.2928e-13
   1.6505e-13
   1.0225e-13
   5.3040e-14
   2.2770e-14
   7.9769e-15
   2.2753e-15
   5.1211e-16
   9.9450e-17
   1.5953e-17
   2.9548e-18
   8.4518e-18
   5.9939e-17
   3.3943e-16
   1.5811e-15
   6.2096e-15
   1.9917e-14
   5.1956e-14
   1.1056e-13
   1.9369e-13
   2.8698e-13
   3.6421e-13
   4.0580e-13
   4.1349e-13
   4.0479e-13
   3.9763e-13
   4.0065e-13
   4.1048e-13
   4.1262e-13
   3.8789e-13
   3.2532e-13
   2.3874e-13
   1.5280e-13
   9.2548e-14
   6.5396e-14
   6.4955e-14
   7.6446e-14
   8.7069e-14
   9.1292e-14
   9.0518e-14
   8.8454e-14
   8.8039e-14
   8.9771e-14
   9.1482e-14
   8.8861e-14
   7.8615e-14
   6.0996e-14
   4.0436e-14
   2.2586e-14
   1.0335e-14
   3.8698e-15
   1.1992e-15
   3.1245e-16
   6.4808e-17
   1.0919e-17
   1.4294e-18
   1.4759e-19
   2.3143e-20
   1.3464e-19
   1.3584e-18
   1.0946e-17
   6.8402e-17
   3.4521e-16
   1.3803e-15
   4.5654e-15
   1.2472e-14
   2.8372e-14
   5.2659e-14
   8.2053e-14
   1.0862e-13
   1.2601e-13
   1.3211e-13
   1.3081e-13
   1.2836e-13
   1.2888e-13
   1.3276e-13
   1.3694e-13
   1.3643e-13
   1.2713e-13
   1.0866e-13
   8.6136e-14
   6.5431e-14
   5.0581e-14
   4.1836e-14
   3.8045e-14
   3.7326e-14
   3.7915e-14
   3.7920e-14
   3.5998e-14
   3.2381e-14
   2.9289e-14
   2.9341e-14
   3.3391e-14
   3.9581e-14
   4.4447e-14
   4.6375e-14
   4.5961e-14
   4.4960e-14
   4.4767e-14
   4.5601e-14
   4.6337e-14
   4.4790e-14
   3.9415e-14
   3.0410e-14
   2.0142e-14
   1.1132e-14
   5.1019e-15
   1.8899e-15
   6.2937e-16
   3.1813e-16
   6.3596e-16
   1.7892e-15
   4.2948e-15
   8.4762e-15
   1.4080e-14
   1.9691e-14
   2.3784e-14
   2.5590e-14
   2.5641e-14
   2.5055e-14
   2.4794e-14
   2.5184e-14
   2.5759e-14
   2.5372e-14
   2.2963e-14
   1.8415e-14
   1.2652e-14
   7.3334e-15
   3.4837e-15
   1.3796e-15
   4.5014e-16
   1.2154e-16
   2.6075e-17
   4.5238e-18
   6.1008e-19
   6.5361e-20
   5.9750e-21
   5.0323e-22
   3.1238e-23
   1.5237e-24
   5.5150e-26
   1.5278e-27
   1.2789e-29
   8.2082e-29
  -1.9822e-28
   9.5237e-29
   1.4284e-28
  -1.2020e-28
  -1.8666e-29
   9.5870e-29
   2.6064e-29
   9.4264e-29
   3.5284e-29
   8.9589e-28
   3.3475e-26
   9.7950e-25
   2.2078e-23
   3.7629e-22
   6.7499e-21
   9.5297e-20
   1.0279e-18
   8.8342e-18
   5.8744e-17
   3.1208e-16
   1.3936e-15
   5.2464e-15
   1.5821e-14
   3.8984e-14
   7.8263e-14
   1.3158e-13
   1.8630e-13
   2.2760e-13
   2.4649e-13
   2.4739e-13
   2.4151e-13
   2.3839e-13
   2.4168e-13
   2.4767e-13
   2.4642e-13
   2.2609e-13
   1.8422e-13
   1.2903e-13
   7.6560e-14
   3.7704e-14
   1.5046e-14
   4.9345e-15
   1.3744e-15
   3.1168e-16
   5.5760e-17
   8.0444e-18
   9.1090e-19
   8.0411e-20
   5.9533e-21
   4.2805e-22
   2.2951e-23
   9.0051e-25
   2.7700e-26
   6.0140e-28
   5.0572e-29
   2.7424e-29
   3.7921e-29
   9.4151e-29
  -3.3747e-29
  -4.1820e-30
  -5.8780e-29
  -3.9324e-29
  -7.7565e-29
  -2.7176e-29
   1.7600e-30
   7.3459e-29
  -2.1039e-29
  -7.9392e-29
   4.9017e-29
   9.6092e-29
   1.3528e-28
   3.3386e-29
   3.1433e-29
   5.5512e-29
   1.8087e-29
  -4.5428e-29
  -5.0491e-29
  -2.9757e-29
   2.6927e-29
   2.4438e-29
  -1.2296e-29
   9.7488e-29
   6.5207e-29
   1.6141e-28
  -7.3272e-29
   5.9410e-29
   5.3449e-29
  -5.1947e-29
  -2.0382e-29
  -1.4101e-28
  -9.3627e-29
   2.6102e-29
   4.7275e-29
   2.8605e-29
   1.9260e-29
   2.9084e-29
   1.4238e-29
  -3.3716e-29
  -2.1937e-30
   2.1178e-29
  -6.4930e-29
   5.8367e-29
   5.6663e-29
   1.0178e-29
   4.4989e-29
  -2.4695e-30
   8.9102e-30
   3.3063e-29
   3.4303e-30
  -1.5681e-28
   1.0632e-28
   9.7248e-29
   9.8829e-29
   1.1253e-28
   3.0432e-29
   5.2081e-29
   7.9723e-30
  -1.3913e-29
   4.6778e-29
   2.2275e-29
   4.3340e-29
   4.7673e-29
   3.4774e-29
  -2.7355e-30
  -6.8226e-29
  -6.0194e-29
  -5.8296e-29
  -1.1583e-28
  -1.1521e-28
  -1.4943e-28
  -1.4154e-28
  -1.1894e-28
   9.2799e-29
  -1.3461e-28
  -3.9452e-29
  -1.1012e-29
   3.6943e-29
  -1.5236e-31
   5.3230e-30
  -7.3848e-29
  -9.4462e-29
  -4.8510e-29
  -6.5041e-29
   1.5189e-29
  -9.4252e-30
  -2.3145e-29
  -2.2722e-30
  -3.2592e-29
  -8.0550e-29
   1.3032e-29
  -1.5025e-29
  -4.1713e-29
  -5.7512e-29
  -6.8983e-29
   7.3821e-29
  -9.4774e-29
   2.8047e-29
  -1.8852e-28
  -1.0626e-28
  -3.5000e-29
  -8.7436e-29
  -1.3762e-28
  -2.0552e-29
  -6.6259e-29
  -8.8162e-29
  -3.1922e-29
   2.5953e-29
   1.1939e-29
   1.7099e-28
   2.0731e-29
  -4.9669e-29
  -1.3025e-28
  -3.4025e-29
   1.0243e-28
   2.7642e-27
   7.7000e-26
   2.2061e-24
   4.7511e-23
   8.0079e-22
   1.0122e-20
   1.0149e-19
   7.8283e-19
   5.8472e-18
   3.3886e-17
   1.5779e-16
   5.8194e-16
   1.7674e-15
   4.3775e-15
   9.1851e-15
   1.5913e-14
   2.3295e-14
   2.9278e-14
   3.2658e-14
   3.3447e-14
   3.2877e-14
   3.2410e-14
   3.2775e-14
   3.3884e-14
   3.5272e-14
   3.6889e-14
   3.9786e-14
   4.6195e-14
   5.6436e-14
   6.8237e-14
   7.7388e-14
   8.1481e-14
   8.1077e-14
   7.9071e-14
   7.8280e-14
   7.9438e-14
   8.1011e-14
   7.9800e-14
   7.2641e-14
   5.8621e-14
   4.0612e-14
   2.3991e-14
   1.1999e-14
   5.5725e-15
   4.6073e-15
   9.8858e-15
   2.5440e-14
   5.4892e-14
   9.8602e-14
   1.5051e-13
   1.9815e-13
   2.3262e-13
   2.5186e-13
   2.6203e-13
   2.6905e-13
   2.7605e-13
   2.8249e-13
   2.8380e-13
   2.7245e-13
   2.4338e-13
   1.9970e-13
   1.5235e-13
   1.1123e-13
   8.1319e-14
   6.2074e-14
   5.0119e-14
   4.2635e-14
   3.7673e-14
   3.4299e-14
   3.2218e-14
   3.1463e-14
   3.1805e-14
   3.2383e-14
   3.1947e-14
   2.9442e-14
   2.4914e-14
   2.0259e-14
   1.8487e-14
   2.1352e-14
   2.8126e-14
   3.6026e-14
   4.2035e-14
   4.4573e-14
   4.4370e-14
   4.3433e-14
   4.3180e-14
   4.3894e-14
   4.4640e-14
   4.3596e-14
   3.8985e-14
   3.0803e-14
   2.1082e-14
   1.2528e-14
   7.1699e-15
   5.7976e-15
   8.3151e-15
   1.3724e-14
   2.0314e-14
   2.6111e-14
   2.9715e-14
   3.1018e-14
   3.1618e-14
   3.4724e-14
   4.4870e-14
   6.7439e-14
   1.0591e-13
   1.5749e-13
   2.1072e-13
   2.4962e-13
   2.6656e-13
   2.6528e-13
   2.5649e-13
   2.5040e-13
   2.5178e-13
   2.5759e-13
   2.5795e-13
   2.4175e-13
   2.0362e-13
   1.4911e-13
   9.2514e-14
   4.8378e-14
   2.1098e-14
   7.5727e-15
   2.2051e-15
   5.1395e-16
   9.6664e-17
   1.6433e-17
   2.2178e-18
   2.3420e-19
   2.1006e-20
   2.4431e-20
   2.2440e-19
   2.1763e-18
   1.6485e-17
   9.8267e-17
   4.6630e-16
   1.7879e-15
   5.6329e-15
   1.5145e-14
   3.3685e-14
   6.2651e-14
   9.9615e-14
   1.3862e-13
   1.7299e-13
   1.9787e-13
   2.1295e-13
   2.2024e-13
   2.2311e-13
   2.2443e-13
   2.2421e-13
   2.1840e-13
   2.0287e-13
   1.7637e-13
   1.4198e-13
   1.0482e-13
   6.9931e-14
   4.1576e-14
   2.1543e-14
   9.5126e-15
   3.5024e-15
   1.0541e-15
   2.5764e-16
   5.5630e-17
   9.7167e-18
   1.3464e-18
   1.4835e-19
   4.2502e-20
   3.0862e-19
   3.1151e-18
   2.4928e-17
   1.5880e-16
   8.0227e-16
   3.2602e-15
   1.0832e-14
   3.0822e-14
   7.1386e-14
   1.3607e-13
   2.1628e-13
   2.9465e-13
   3.4958e-13
   3.7080e-13
   3.6882e-13
   3.6002e-13
   3.5698e-13
   3.6314e-13
   3.7163e-13
   3.6630e-13
   3.3219e-13
   2.6726e-13
   1.8549e-13
   1.0856e-13
   5.2529e-14
   2.1601e-14
   7.3016e-15
   2.0126e-15
   4.4581e-16
   7.8367e-17
   1.0827e-17
   1.4102e-18
   1.5097e-19
   1.2076e-20
   7.4093e-22
   3.4825e-23
   1.2538e-24
   5.5724e-26
   1.6598e-27
  -4.0553e-30
   4.2362e-29
   4.5037e-29
   3.2197e-29
   1.1523e-30
   4.0511e-29
   1.1818e-29
   8.6736e-29
   1.0106e-28
   1.3742e-28
   9.1720e-29
   1.9632e-29
   1.6169e-28
   1.4056e-28
   1.1719e-28
   4.5603e-29
  -2.2012e-29
   8.7491e-29
  -5.1170e-29
   1.2332e-28
  -7.0691e-29
  -1.3235e-28
  -5.2361e-29
   1.3623e-29
  -6.5814e-29
   6.6259e-29
   2.8358e-29
   7.9082e-29
   8.1565e-29
   1.4874e-28
   1.3483e-28
   1.6725e-28
   1.3949e-28
   5.0330e-29
   6.8097e-29
   2.0025e-29
   2.0118e-29
   9.6278e-29
  -5.4733e-29
   6.8559e-29
   6.5201e-29
  -9.1450e-29
  -2.8309e-29
  -1.5617e-29
  -9.1956e-29
  -8.9217e-29
   2.4768e-29
  -1.5499e-29
  -5.4490e-29
  -4.6930e-29
  -7.0299e-29
   3.3353e-29
  -6.2814e-29
  -1.5916e-28
  -1.4139e-29
  -8.3558e-30
   2.3059e-29
   2.0312e-29
  -1.7825e-29
  -4.2995e-29
  -2.6264e-29
   1.1461e-29
   2.7865e-29
  -1.1256e-29
   1.5076e-29
   2.1680e-29
   4.8376e-29
  -1.0820e-29
   2.3813e-29
  -4.6481e-29
   8.2088e-29
   6.2373e-29
  -5.3646e-30
  -1.1537e-28
  -8.7352e-29
  -8.1441e-29
   4.5732e-29
  -7.5919e-29
  -8.0368e-29
  -9.8639e-30
  -4.3089e-29
  -6.1922e-29
   4.1533e-29
  -8.3758e-29
   1.3044e-29
  -6.9380e-29
  -1.2888e-29
  -6.1526e-29
   6.2721e-28
   2.2513e-26
   7.9680e-25
   2.1172e-23
   4.2797e-22
   6.5649e-21
   7.6345e-20
   7.4069e-19
   6.8041e-18
   4.8222e-17
   2.6943e-16
   1.2007e-15
   4.3919e-15
