   2.5325008e+35   2.4334256e+35   2.3072736e+35   2.1596272e+35   1.9957595e+35   1.8210744e+35   1.6390170e+35   1.4554328e+35   1.2725946e+35   1.0938850e+35
   2.6152510e+35   2.5658557e+35   2.4838187e+35   2.3742585e+35   2.2423727e+35   2.0930988e+35   1.9308762e+35   1.7608908e+35   1.5863935e+35   1.4111025e+35
   2.6220080e+35   2.6252916e+35   2.5926766e+35   2.5277639e+35   2.4351206e+35   2.3195065e+35   2.1855203e+35   2.0371481e+35   1.8792477e+35   1.7153456e+35
   2.5543057e+35   2.6098325e+35   2.6284586e+35   2.6122791e+35   2.5645520e+35   2.4889937e+35   2.3896416e+35   2.2699619e+35   2.1377699e+35   1.9931509e+35
   2.4197716e+35   2.5229056e+35   2.5911056e+35   2.6244879e+35   2.6243564e+35   2.5933669e+35   2.5348115e+35   2.4524516e+35   2.3502135e+35   2.2320070e+35
   2.2326345e+35   2.3736820e+35   2.4855859e+35   2.5657169e+35   2.6130251e+35   2.6284710e+35   2.6138913e+35   2.5722886e+35   2.5068412e+35   2.4211319e+35
   2.0125268e+35   2.1773235e+35   2.3226057e+35   2.4426171e+35   2.5336375e+35   2.5940408e+35   2.6242278e+35   2.6256999e+35   2.6007126e+35   2.5521123e+35
   1.7832654e+35   1.9544915e+35   2.1188723e+35   2.2676544e+35   2.3942084e+35   2.4947364e+35   2.5671184e+35   2.6113955e+35   2.6282042e+35   2.6194342e+35
   1.5711274e+35   1.7292055e+35   1.8950499e+35   2.0576538e+35   2.2082141e+35   2.3401097e+35   2.4490209e+35   2.5325065e+35   2.5897262e+35   2.6211039e+35
   1.4006444e+35   1.5270457e+35   1.6755189e+35   1.8347139e+35   1.9941847e+35   2.1451745e+35   2.2809637e+35   2.3968626e+35   2.4899518e+35   2.5591296e+35
   1.2891572e+35   1.3704118e+35   1.4845851e+35   1.6225425e+35   1.7739706e+35   1.9289390e+35   2.0788815e+35   2.2170521e+35   2.3384285e+35   2.4398600e+35
   1.2414297e+35   1.2739224e+35   1.3426366e+35   1.4441579e+35   1.5708459e+35   1.7133610e+35   1.8624735e+35   2.0047276e+35   2.1488146e+35   2.2741326e+35