   3.5109e-14
   5.0607e-14
   7.4997e-14
   1.0532e-13
   1.3349e-13
   1.5063e-13
   1.5534e-13
   1.5267e-13
   1.4994e-13
   1.5350e-13
   1.6480e-13
   1.7743e-13
   1.7924e-13
   1.6401e-13
   1.3827e-13
   1.1394e-13
   9.9774e-14
   9.6258e-14
   9.8623e-14
   9.9361e-14
   9.1885e-14
   7.5153e-14
   5.3955e-14
   3.5842e-14
   2.4537e-14
   1.9508e-14
   1.7508e-14
   1.5592e-14
   1.2437e-14
   8.4108e-15
   4.6167e-15
   2.0223e-15
   6.8355e-16
   1.8598e-16
   3.8980e-17
   6.3752e-18
   7.9738e-19
   7.3216e-20
   4.9809e-21
   2.4742e-22
   1.8386e-22
   4.0583e-21
   6.7413e-20
   8.5895e-19
   8.2282e-18
   6.1680e-17
   3.6943e-16
   1.7517e-15
   6.2397e-15
   1.7470e-14
   3.8444e-14
   6.8557e-14
   1.0030e-13
   1.2440e-13
   1.3595e-13
   1.3812e-13
   1.3704e-13
   1.3710e-13
   1.3826e-13
   1.3604e-13
   1.2384e-13
   9.9186e-14
   6.7481e-14
   3.7622e-14
   1.6832e-14
   5.9805e-15
   1.6390e-15
   3.6704e-16
   6.3594e-17
   8.6495e-18
   8.8489e-19
   6.9156e-20
   3.7532e-21
   1.6177e-22
   6.1332e-24
   1.8154e-25
   4.3280e-27
   1.7231e-26
   7.7958e-25
   2.6855e-23
   9.0958e-22
   2.1559e-20
   3.7172e-19
   4.6342e-18
   4.4498e-17
   3.2284e-16
   1.8314e-15
   8.3624e-15
   2.9222e-14
   7.7918e-14
   1.6451e-13
   2.7709e-13
   3.8515e-13
   4.5472e-13
   4.7783e-13
   4.7503e-13
   4.6966e-13
   4.7316e-13
   4.7973e-13
   4.6875e-13
   4.1668e-13
   3.1901e-13
   2.0416e-13
   1.0608e-13
   4.5230e-14
   1.6595e-14
   6.7834e-15
   4.2661e-15
   3.5033e-15
   2.7583e-15
   1.8435e-15
   9.9116e-16
   4.2213e-16
   1.3699e-16
   3.5817e-17
   7.2062e-18
   1.1301e-18
   1.3299e-19
   1.1938e-20
   7.5433e-22
   3.4881e-23
   1.4761e-24
   4.8539e-26
   1.2082e-27
   9.9281e-29
   1.2447e-28
  -1.3203e-29
   1.2021e-28
   2.6485e-29
   1.4684e-28
   9.8422e-27
   4.7011e-25
   1.6543e-23
   4.5264e-22
   1.1354e-20
   2.1228e-19
   2.7588e-18
   2.7261e-17
   2.0142e-16
   1.1592e-15
   5.1188e-15
   1.8388e-14
   5.0021e-14
   1.0670e-13
   1.8302e-13
   2.5680e-13
   3.0693e-13
   3.2594e-13
   3.2542e-13
   3.2190e-13
   3.2352e-13
   3.2683e-13
   3.1839e-13
   2.8322e-13
   2.1743e-13
   1.3915e-13
   7.2392e-14
   3.0437e-14
   1.3857e-14
   2.0428e-14
   5.9467e-14
   1.5458e-13
   3.1641e-13
   5.2261e-13
   7.1174e-13
   8.3393e-13
   8.8092e-13
   8.8277e-13
   8.7805e-13
   8.8258e-13
   8.8043e-13
   8.3449e-13
   7.1355e-13
   5.2305e-13
   3.1741e-13
   1.5503e-13
   6.0581e-14
   1.8601e-14
   4.3754e-15
   8.0879e-16
   2.0683e-16
   5.5424e-16
   2.2851e-15
   7.3701e-15
   1.8270e-14
   3.6020e-14
   5.7014e-14
   7.4897e-14
   8.4685e-14
   8.6724e-14
   8.5441e-14
   8.4750e-14
   8.5899e-14
   8.7151e-14
   8.4719e-14
   7.5610e-14
   6.1347e-14
   4.7474e-14
   3.7993e-14
   3.2996e-14
   3.0428e-14
   2.8767e-14
   2.7889e-14
   2.7970e-14
   2.8595e-14
   2.8526e-14
   2.6178e-14
   2.0898e-14
   1.3814e-14
   7.4104e-15
   3.1674e-15
   1.0540e-15
   2.7430e-16
   5.4646e-17
   7.9817e-18
   8.9074e-19
   8.4303e-20
   1.7183e-20
   1.3327e-19
   1.1879e-18
   8.1307e-18
   4.3441e-17
   1.8186e-16
   5.9675e-16
   1.5223e-15
   3.0362e-15
   4.8866e-15
   6.5240e-15
   7.5048e-15
   7.7831e-15
   7.7184e-15
   7.6606e-15
   7.7305e-15
   7.7693e-15
   7.4214e-15
   6.3759e-15
   4.6647e-15
   2.8238e-15
   1.3800e-15
   5.4146e-16
   2.1930e-16
   3.9238e-16
   1.6415e-15
   6.0211e-15
   1.7125e-14
   3.8233e-14
   6.7575e-14
   9.7717e-14
   1.1945e-13
   1.2892e-13
   1.2951e-13
   1.2795e-13
   1.2827e-13
   1.2999e-13
   1.2848e-13
   1.1759e-13
   9.4544e-14
   6.4515e-14
   3.7061e-14
   1.8475e-14
   8.9899e-15
   5.3730e-15
   4.5710e-15
   5.3141e-15
   8.4074e-15
   1.6523e-14
   3.2979e-14
   5.8222e-14
   8.6872e-14
   1.1003e-13
   1.2206e-13
   1.2409e-13
   1.2254e-13
   1.2212e-13
   1.2359e-13
   1.2339e-13
   1.1551e-13
   9.5917e-14
   6.7266e-14
   3.8722e-14
   1.7890e-14
   6.5206e-15
   1.8232e-15
   3.9221e-16
   6.2759e-17
   8.3676e-18
   8.6167e-19
   6.8023e-20
   4.0697e-21
   1.8081e-22
   5.7167e-24
   1.1398e-25
   2.3665e-27
  -1.1339e-28
   1.4768e-27
   6.5102e-26
   2.0709e-24
   5.0110e-23
   9.3174e-22
   1.5923e-20
   1.9234e-19
   1.7070e-18
   1.1441e-17
   5.8800e-17
   2.3421e-16
   7.2947e-16
   1.8117e-15
   3.5432e-15
   5.5869e-15
   7.3275e-15
   8.3141e-15
   8.5933e-15
   8.5252e-15
   8.4770e-15
   8.5575e-15
   8.5609e-15
   8.0890e-15
   6.8395e-15
   4.9359e-15
   2.9417e-15
   1.5298e-15
   1.2764e-15
   3.2219e-15
   9.7251e-15
   2.3973e-14
   4.7120e-14
   7.5059e-14
   9.9272e-14
   1.1313e-13
   1.1708e-13
   1.1624e-13
   1.1552e-13
   1.1656e-13
   1.1691e-13
   1.1108e-13
   9.4624e-14
   6.8920e-14
   4.1635e-14
   2.1011e-14
   1.1027e-14
   1.1485e-14
   2.0522e-14
   3.5077e-14
   4.9934e-14
   6.0296e-14
   6.4738e-14
   6.5064e-14
   6.4374e-14
   6.4563e-14
   6.5241e-14
   6.3854e-14
   5.7372e-14
   4.5081e-14
   2.9609e-14
   1.5766e-14
   6.6294e-15
   2.2288e-15
   6.6204e-16
   5.4032e-16
   1.6987e-15
   5.2545e-15
   1.2890e-14
   2.5191e-14
   3.9791e-14
   5.2351e-14
   5.9494e-14
   6.1482e-14
   6.1013e-14
   6.0649e-14
   6.1216e-14
   6.1405e-14
   5.8244e-14
   4.9464e-14
   3.5911e-14
   2.1620e-14
   1.0424e-14
   3.9513e-15
   1.1678e-15
   2.6841e-16
   4.9432e-17
   6.9671e-18
   7.6578e-19
   6.2820e-20
   3.8151e-21
   1.7096e-22
   5.2982e-24
   1.6142e-25
   4.1980e-27
   2.5620e-26
   9.8432e-25
   2.7890e-23
   6.1526e-22
   1.0291e-20
   1.5511e-19
   1.7128e-18
   1.3652e-17
   8.3814e-17
   3.9004e-16
   1.4119e-15
   4.0361e-15
   9.0809e-15
   1.6385e-14
   2.3858e-14
   2.9206e-14
   3.1342e-14
   3.1229e-14
   3.0568e-14
   3.0530e-14
   3.1187e-14
   3.1404e-14
   2.9452e-14
   2.4354e-14
   1.6917e-14
   9.6287e-15
   4.4233e-15
   1.9340e-15
   1.4744e-15
   2.1781e-15
   3.3465e-15
   4.5187e-15
   5.8190e-15
   8.5072e-15
   1.5251e-14
   2.8807e-14
   4.8779e-14
   7.0336e-14
   8.6237e-14
   9.3108e-14
   9.2824e-14
   9.0172e-14
   8.8937e-14
   8.9699e-14
   8.9457e-14
   8.3526e-14
   6.9089e-14
   4.8206e-14
   2.7575e-14
   1.2566e-14
   4.5238e-15
   1.2812e-15
   3.0293e-16
   1.9630e-16
   9.2613e-16
   4.4881e-15
   1.6849e-14
   4.9678e-14
   1.1692e-13
   2.1803e-13
   3.3068e-13
   4.1833e-13
   4.6212e-13
   4.6937e-13
   4.6271e-13
   4.6077e-13
   4.6719e-13
   4.6816e-13
   4.4060e-13
   3.6898e-13
   2.6271e-13
   1.5275e-13
   7.1199e-14
   2.6198e-14
   7.6604e-15
   1.7518e-15
   3.1102e-16
   4.2515e-17
   4.4221e-18
   3.4324e-19
   1.8291e-20
   8.2847e-22
   5.2151e-23
   6.0059e-22
   1.2871e-20
   2.0819e-19
   2.5728e-18
   2.4497e-17
   1.8077e-16
   1.0912e-15
   5.0296e-15
   1.7712e-14
   4.8513e-14
   1.0497e-13
   1.8258e-13
   2.6111e-13
   3.1682e-13
   3.3987e-13
   3.4108e-13
   3.3700e-13
   3.3771e-13
   3.4173e-13
   3.3679e-13
   3.0666e-13
   2.4471e-13
   1.6376e-13
   8.9613e-14
   3.9320e-14
   1.3631e-14
   3.7329e-15
   7.8027e-16
   1.2356e-16
   1.4400e-17
   1.4109e-18
   1.0838e-19
   6.4131e-21
   2.9001e-22
   9.8952e-24
   2.5854e-25
   4.7475e-27
  -8.2002e-30
  -5.2683e-30
  -5.4112e-29
  -3.3226e-29
  -1.9199e-29
  -4.1533e-29
   5.8435e-29
  -3.4726e-29
  -3.3481e-29
   3.0445e-29
   6.5159e-29
   7.2729e-29
   2.7488e-29
  -2.1691e-29
   3.0860e-28
   1.5891e-26
   6.3335e-25
   2.0122e-23
   6.0630e-22
   1.2655e-20
   1.9979e-19
   2.3365e-18
   2.1567e-17
   1.5421e-16
   8.8093e-16
   4.1040e-15
   1.5629e-14
   4.9577e-14
   1.2621e-13
   2.6371e-13
   4.5832e-13
   6.6581e-13
   8.3114e-13
   9.2201e-13
   9.4724e-13
   9.4414e-13
   9.4264e-13
   9.4456e-13
   9.2447e-13
   8.4676e-13
   6.9357e-13
   4.8610e-13
   2.8347e-13
   1.3368e-13
   5.0565e-14
   1.5708e-14
   4.9600e-15
   3.4765e-15
   4.7816e-15
   6.4671e-15
   7.6285e-15
   8.0580e-15
   8.0368e-15
   7.9486e-15
   7.9892e-15
   8.0734e-15
   7.8805e-15
   7.0525e-15
   5.5067e-15
   3.6037e-15
   1.9031e-15
   8.1129e-16
   2.7492e-16
   7.2684e-17
   1.6554e-17
   1.5805e-17
   9.6033e-17
   5.2455e-16
   2.2456e-15
   7.5767e-15
   2.0557e-14
   4.3429e-14
   7.3811e-14
   1.0381e-13
   1.2443e-13
   1.3347e-13
   1.3494e-13
   1.3469e-13
   1.3601e-13
   1.3788e-13
   1.3546e-13
   1.2300e-13
   9.8704e-14
   6.7886e-14
   3.9463e-14
   2.0059e-14
   9.4711e-15
   4.4839e-15
   2.0704e-15
   8.6718e-16
   3.0434e-16
   8.5681e-17
   1.8617e-17
   3.1534e-18
   4.5681e-19
   6.4116e-19
   5.8326e-18
   4.0386e-17
   2.1250e-16
   8.6205e-16
   2.7262e-15
   6.8350e-15
   1.3553e-14
   2.1773e-14
   2.8979e-14
   3.3057e-14
   3.3990e-14
   3.3400e-14
   3.2927e-14
   3.3272e-14
   3.3947e-14
   3.3407e-14
   2.9960e-14
   2.3205e-14
   1.4963e-14
   7.7971e-15
   3.2612e-15
   1.0764e-15
   2.7739e-16
   5.5199e-17
   8.1751e-18
   9.1293e-19
   8.8213e-20
   5.8096e-20
   6.1921e-19
   5.5802e-18
   3.9097e-17
   2.0849e-16
   8.6699e-16
   2.8307e-15
   7.3148e-15
   1.5173e-14
   2.5406e-14
   3.5141e-14
   4.2326e-14
   4.7981e-14
   5.6822e-14
   7.4702e-14
   1.0392e-13
   1.3810e-13
   1.6531e-13
   1.7664e-13
   1.7258e-13
   1.6121e-13
   1.5135e-13
   1.4672e-13
   1.4421e-13
   1.3635e-13
   1.1658e-13
   8.5719e-14
   5.2419e-14
   2.6027e-14
   1.0315e-14
   3.2258e-15
   8.1783e-16
   4.1330e-16
   1.2337e-15
   4.3556e-15
   1.2212e-14
   2.6896e-14
   4.7439e-14
   6.8601e-14
   8.3937e-14
   9.0657e-14
   9.1055e-14
   8.9636e-14
   8.9622e-14
   9.1086e-14
   9.1212e-14
   8.6209e-14
   7.5068e-14
   6.2248e-14
   5.4896e-14
   5.6207e-14
   6.2625e-14
   6.8057e-14
   6.9775e-14
   6.9129e-14
   6.8547e-14
   6.9057e-14
   6.9479e-14
   6.6862e-14
   5.8387e-14
   4.4056e-14
   2.7665e-14
   1.4147e-14
   5.7930e-15
   1.8759e-15
   4.7551e-16
   9.3408e-17
   1.4047e-17
   1.5879e-18
   1.3173e-19
   9.5252e-21
   5.3450e-22
   2.3185e-23
   7.7317e-25
   1.9555e-26
   4.0299e-28
   1.1722e-31
  -2.5988e-30
   1.4036e-28
   4.8184e-29
  -3.4697e-30
   2.4619e-29
  -1.0024e-28
  -6.2004e-29
   2.6138e-29
  -1.2222e-29
  -3.6914e-29
  -2.6064e-29
  -1.5590e-28
  -1.2124e-28
  -1.4468e-28
  -5.1327e-29
  -1.2482e-28
   7.7829e-29
   2.5924e-29
   1.4091e-28
  -2.7936e-29
  -2.8509e-29
  -1.1376e-29
   5.0793e-29
   9.5696e-29
  -1.6300e-29
   1.1032e-28
   6.4802e-29
   1.7624e-29
   9.9613e-29
   8.6722e-29
   8.1495e-29
   6.7362e-29
  -2.8789e-29
   6.6002e-29
   1.7319e-27
   6.5536e-26
   1.9555e-24
   4.7513e-23
   1.0072e-21
   1.5181e-20
   1.6999e-19
   1.4445e-18
   9.4287e-18
   4.7668e-17
   1.8790e-16
   5.8117e-16
   1.4251e-15
   2.7810e-15
   4.3629e-15
   5.6638e-15
   6.3243e-15
   6.4066e-15
   6.2381e-15
   6.1380e-15
   6.2307e-15
   6.4080e-15
   6.3443e-15
   5.6963e-15
   4.4066e-15
   2.8423e-15
   1.4791e-15
   6.1131e-16
   1.9765e-16
   4.9217e-17
   9.4084e-18
   1.4592e-18
   1.7609e-19
   1.6737e-20
   1.2096e-21
   6.6891e-23
   2.7960e-24
   8.6619e-26
   1.8488e-27
   1.1528e-28
  -1.6542e-29
   3.4161e-29
  -2.0851e-28
   3.3163e-29
   1.6587e-28
  -9.9654e-30
   7.2807e-29
   4.4868e-29
  -1.8216e-28
   2.6837e-29
   1.5434e-29
   3.8340e-29
   4.4654e-29
   9.5979e-29
   9.0288e-29
   2.8712e-27
   1.3846e-25
   5.2113e-24
   1.8906e-22
   4.9069e-21
   9.1933e-20
   1.2881e-18
   1.3740e-17
   1.1123e-16
   7.0962e-16
   3.5304e-15
   1.3782e-14
   4.3200e-14
   1.0559e-13
   2.0781e-13
   3.3376e-13
   4.4977e-13
   5.2650e-13
   5.5825e-13
   5.6202e-13
   5.5949e-13
   5.6321e-13
   5.6778e-13
   5.5266e-13
   4.9620e-13
   3.9638e-13
   2.7995e-13
   1.8331e-13
   1.3615e-13
   1.4677e-13
   2.0371e-13
   2.8056e-13
   3.4554e-13
   3.8091e-13
   3.8953e-13
   3.8580e-13
   3.8153e-13
   3.7931e-13
   3.7202e-13
   3.4588e-13
   2.8967e-13
   2.0915e-13
   1.2632e-13
   6.1712e-14
   2.4024e-14
   7.4315e-15
   1.7661e-15
   3.2018e-16
   4.3695e-17
   5.0381e-18
   4.4648e-19
   3.0634e-20
   1.6523e-21
   6.6994e-23
   2.0524e-24
   4.8480e-26
   9.0947e-28
   9.8078e-29
  -2.8819e-29
   2.1721e-28
   8.0301e-29
  -9.5871e-29
   8.2791e-29
   2.3429e-29
  -4.8904e-29
  -1.1714e-28
  -2.4891e-29
  -3.6746e-29
  -4.0587e-29
  -2.7220e-29
   5.1901e-29
   1.4278e-29
  -5.2127e-29
   2.0222e-29
   3.0064e-29
   1.4002e-28
   4.9354e-29
   5.2127e-29
   1.9668e-28
   8.7742e-29
   2.5599e-28
   1.5638e-28
   2.6725e-27
   9.7577e-26
   2.8219e-24
   6.4352e-23
   1.3539e-21
   1.9830e-20
   2.2149e-19
   1.8669e-18
   1.1892e-17
   5.9557e-17
   2.3037e-16
   7.0753e-16
   1.7211e-15
   3.3436e-15
   5.2939e-15
   6.9617e-15
   7.9402e-15
   8.2234e-15
   8.1572e-15
   8.0942e-15
   8.1812e-15
   8.3186e-15
   8.2606e-15
   7.8712e-15
   7.3962e-15
   7.2748e-15
   7.6607e-15
   8.2328e-15
   8.5798e-15
   8.5889e-15
   8.4611e-15
   8.4264e-15
   8.5288e-15
   8.5971e-15
   8.5415e-15
   9.0462e-15
   1.2297e-14
   2.1846e-14
   4.0540e-14
   7.0356e-14
   1.1482e-13
   1.8774e-13
   3.0732e-13
   4.8082e-13
   6.7867e-13
   8.5278e-13
   9.5927e-13
   9.9549e-13
   9.8694e-13
   9.6588e-13
   9.4768e-13
   9.2222e-13
   8.5804e-13
   7.3006e-13
   5.4254e-13
   3.4246e-13
   1.7853e-13
   7.7974e-14
   3.0426e-14
   1.3193e-14
   8.3605e-15
   6.7812e-15
   6.1959e-15
   7.0503e-15
   9.9293e-15
   1.4301e-14
   1.8479e-14
   2.1119e-14
   2.1966e-14
   2.1837e-14
   2.1666e-14
   2.1829e-14
   2.1952e-14
   2.1119e-14
   1.8440e-14
   1.3978e-14
   8.8198e-15
   4.5406e-15
   1.8425e-15
   5.9630e-16
   1.5215e-16
   3.0737e-17
   4.8522e-18
   5.8632e-19
   6.6709e-20
   1.7336e-19
   1.9336e-18
   1.7380e-17
   1.2031e-16
   6.8325e-16
   2.9960e-15
   1.0001e-14
   2.6404e-14
   5.4996e-14
   9.2807e-14
   1.3010e-13
   1.5552e-13
   1.6608e-13
   1.6647e-13
   1.6465e-13
   1.6514e-13
   1.6684e-13
   1.6379e-13
   1.4840e-13
   1.1829e-13
   7.9324e-14
   4.3675e-14
   1.9230e-14
   6.6959e-15
   1.8640e-15
   4.0785e-16
   6.8811e-17
   9.1310e-18
   9.3610e-19
   7.1913e-20
   9.0696e-21
   7.1432e-20
   8.4477e-19
   8.1771e-18
   5.8988e-17
   3.2899e-16
   1.3932e-15
   4.6109e-15
   1.2128e-14
   2.5260e-14
   4.2672e-14
   5.9887e-14
   7.1534e-14
   7.6225e-14
   7.6410e-14
   7.5592e-14
   7.5804e-14
   7.6604e-14
   7.5246e-14
   6.8311e-14
   5.4527e-14
   3.6561e-14
   2.0152e-14
   8.9648e-15
   3.1505e-15
   8.8017e-16
   1.9265e-16
   3.2800e-17
   4.2214e-18
   4.2073e-19
   2.5693e-13
   3.5206e-13
   4.9807e-13
   6.5979e-13
   7.8168e-13
   8.2834e-13
   8.0982e-13
   7.6680e-13
   7.3571e-13
   7.2658e-13
   7.2152e-13
   6.8545e-13
   5.9045e-13
   4.4100e-13
   2.7741e-13
   1.4238e-13
   5.9359e-14
   1.9875e-14
   6.5851e-15
   6.0058e-15
   1.3080e-14
   2.6810e-14
   4.5458e-14
   6.3839e-14
   7.6704e-14
   8.2252e-14
   8.2697e-14
   8.1761e-14
   8.1827e-14
   8.2738e-14
   8.1928e-14
   7.5689e-14
   6.2229e-14
   4.3727e-14
   2.5480e-14
   1.2043e-14
   4.4913e-15
   1.3273e-15
   3.1371e-16
   5.8694e-17
   8.6368e-18
   9.9717e-19
   9.0142e-20
   6.3670e-21
   3.5063e-22
   1.5016e-23
   4.9850e-25
   1.2777e-26
   3.6614e-28
   6.3060e-30
   1.6733e-29
  -7.0354e-29
   2.8969e-29
  -5.7197e-29
   3.7632e-28
   1.9622e-26
   7.8039e-25
   2.3578e-23
   5.4580e-22
   9.5336e-21
   1.3253e-19
   1.4334e-18
   1.2103e-17
   7.9009e-17
   4.1104e-16
   1.6855e-15
   5.4726e-15
   1.4069e-14
   2.9307e-14
   4.9736e-14
   6.9808e-14
   8.4116e-14
   9.0407e-14
   9.1047e-14
   9.0031e-14
   9.0027e-14
   9.1028e-14
   9.0342e-14
   8.4056e-14
   6.9779e-14
   4.9806e-14
   2.9472e-14
   1.4164e-14
   5.4928e-15
   1.6648e-15
   4.0168e-16
   7.6877e-17
   1.1719e-17
   1.3873e-18
   1.3067e-19
   9.4964e-21
   5.4930e-22
   2.4351e-23
   8.5999e-25
   2.3068e-26
   4.4902e-28
  -1.1692e-28
  -4.2088e-29
  -9.7375e-29
  -7.9481e-29
  -8.0603e-29
  -1.2750e-28
  -6.5980e-29
   3.6877e-29
  -2.3372e-29
   1.9299e-27
   9.1452e-26
   3.1294e-24
   8.5117e-23
   1.7379e-21
   2.8233e-20
   3.4969e-19
   3.4462e-18
   2.6169e-17
   1.5632e-16
   7.4433e-16
   2.7721e-15
   8.2731e-15
   1.9604e-14
   3.7584e-14
   5.9345e-14
   7.8260e-14
   8.9669e-14
   9.3185e-14
   9.2467e-14
   9.1455e-14
   9.2033e-14
   9.3169e-14
   9.1350e-14
   8.2602e-14
   6.5607e-14
   4.4286e-14
   2.4707e-14
   1.1087e-14
   4.0043e-15
   1.1282e-15
   2.5199e-16
   4.3696e-17
   6.0227e-18
   6.6416e-19
   5.6715e-20
   3.8518e-21
   2.0510e-22
   8.3879e-24
   2.7329e-25
   7.0843e-27
   2.7934e-28
   1.5296e-28
   9.7800e-29
   1.4882e-28
   1.4253e-28
   1.0168e-28
   1.4568e-28
   1.2309e-28
   6.4782e-29
   9.2903e-29
   1.0357e-28
   1.4330e-27
   5.6663e-26
   1.7407e-24
   4.1268e-23
   7.7721e-22
   1.1068e-20
   1.2532e-19
   1.0876e-18
   7.4067e-18
   4.0149e-17
   1.6942e-16
   5.7110e-16
   1.5181e-15
   3.2557e-15
   5.6300e-15
   8.0423e-15
   9.7440e-15
   1.0409e-14
   1.0345e-14
   1.0095e-14
   1.0063e-14
   1.0395e-14
   1.1111e-14
   1.2383e-14
   1.4916e-14
   1.9785e-14
   2.7104e-14
   3.5326e-14
   4.1605e-14
   4.4461e-14
   4.4488e-14
   4.3606e-14
   4.3366e-14
   4.4066e-14
   4.4558e-14
   4.2748e-14
   3.6999e-14
   2.7576e-14
   1.7234e-14
   8.7633e-15
   3.6128e-15
   1.1771e-15
   3.0665e-16
   6.1975e-17
   9.9516e-18
   1.2177e-18
   1.1891e-19
   2.4969e-20
   1.8964e-19
   1.7767e-18
   1.2934e-17
   7.4073e-17
   3.2407e-16
   1.1278e-15
   3.0745e-15
   6.7629e-15
   1.2002e-14
   1.7701e-14
   2.2146e-14
   2.4494e-14
   2.5028e-14
   2.4802e-14
   2.4704e-14
   2.4985e-14
   2.5285e-14
   2.5374e-14
   2.7222e-14
   3.7467e-14
   6.7386e-14
   1.2494e-13
   2.0340e-13
   2.8251e-13
   3.3767e-13
   3.6145e-13
   3.6292e-13
   3.5833e-13
   3.5844e-13
   3.6308e-13
   3.6133e-13
   3.3695e-13
   2.7990e-13
   1.9928e-13
   1.1728e-13
   5.6172e-14
   2.1783e-14
   6.6871e-15
   1.6834e-15
   6.1588e-16
   1.6823e-15
   6.8658e-15
   2.2990e-14
   6.0700e-14
   1.2955e-13
   2.2443e-13
   3.2095e-13
   3.9210e-13
   4.2406e-13
   4.2675e-13
   4.2086e-13
   4.2186e-13
   4.3193e-13
   4.3888e-13
   4.2187e-13
   3.6497e-13
   2.7483e-13
   1.7643e-13
   9.8568e-14
   5.2655e-14
   3.1678e-14
   2.3938e-14
   2.0162e-14
   1.6044e-14
   1.1092e-14
   6.3655e-15
   3.0830e-15
   1.5964e-15
   1.6257e-15
   2.7895e-15
   4.5920e-15
   6.4441e-15
   7.7476e-15
   8.3202e-15
   8.3645e-15
   8.2594e-15
   8.2574e-15
   8.3645e-15
   8.3321e-15
   7.7823e-15
   6.4944e-15
   4.6290e-15
   2.7347e-15
   1.3237e-15
   5.1217e-16
   1.5779e-16
   3.8891e-17
   7.4773e-18
   1.1449e-18
   1.3530e-19
   1.2459e-20
   9.1195e-22
   5.0548e-23
   2.2653e-24
   1.5491e-24
   4.1920e-23
   9.1662e-22
   1.5930e-20
   2.2769e-19
   2.5818e-18
   2.2165e-17
   1.4361e-16
   7.3725e-16
   2.9238e-15
   9.2587e-15
   2.3285e-14
   4.6788e-14
   7.7185e-14
   1.0589e-13
   1.2529e-13
   1.3287e-13
   1.3278e-13
   1.3105e-13
   1.3134e-13
   1.3318e-13
   1.3208e-13
   1.2191e-13
   9.9978e-14
   6.9804e-14
   4.0379e-14
   1.9111e-14
   7.2094e-15
   2.1833e-15
   5.1990e-16
   1.2936e-16
   2.2388e-16
   1.0616e-15
   4.2719e-15
   1.3531e-14
   3.4464e-14
   7.0355e-14
   1.1748e-13
   1.6259e-13
   1.9373e-13
   2.0666e-13
   2.0749e-13
   2.0524e-13
   2.0553e-13
   2.0778e-13
   2.0545e-13
   1.8959e-13
   1.5540e-13
   1.0911e-13
   6.3275e-14
   2.9941e-14
   1.1333e-14
   3.3581e-15
   8.1343e-16
   2.1433e-16
   3.6439e-16
   1.4590e-15
   4.8236e-15
   1.2751e-14
   2.7454e-14
   4.8550e-14
   7.3525e-14
   9.8544e-14
   1.2206e-13
   1.4346e-13
   1.6087e-13
   1.7277e-13
   1.7870e-13
   1.7884e-13
   1.7295e-13
   1.6019e-13
   1.4173e-13
   1.1975e-13
   9.5793e-14
   7.1158e-14
   4.7359e-14
   2.7219e-14
   1.3342e-14
   5.4860e-15
   1.8797e-15
   5.4502e-16
   2.4968e-16
   6.4540e-16
   2.3897e-15
   7.3212e-15
   1.7807e-14
   3.4991e-14
   5.6269e-14
   7.5630e-14
   8.7935e-14
   9.2212e-14
   9.1810e-14
   9.0734e-14
   9.1120e-14
   9.2279e-14
   9.0947e-14
   8.3091e-14
   6.7151e-14
   4.6309e-14
   2.7075e-14
   1.5947e-14
   1.9309e-14
   4.7404e-14
   1.1504e-13
   2.3079e-13
   3.7992e-13
   5.2325e-13
   6.1979e-13
   6.6050e-13
   6.6419e-13
   6.5841e-13
   6.5969e-13
   6.6513e-13
   6.5382e-13
   5.9899e-13
   4.8983e-13
   3.4864e-13
   2.1472e-13
   1.2174e-13
   7.3910e-14
   5.5421e-14
   4.9305e-14
   4.6797e-14
   4.5678e-14
   4.5834e-14
   4.6659e-14
   4.6443e-14
   4.2977e-14
   3.5208e-14
   2.4569e-14
   1.4208e-14
   6.6833e-15
   2.5479e-15
   7.6776e-16
   1.8300e-16
   3.4327e-17
   5.1432e-18
   5.9180e-19
   5.2900e-20
   3.6519e-21
   2.0118e-22
   8.1343e-24
   2.4447e-25
   5.7449e-27
   8.5448e-29
  -3.8422e-29
  -5.1768e-29
  -7.7441e-30
   8.7057e-29
   1.7148e-28
   1.3843e-28
   1.3459e-28
   1.1531e-28
   1.4699e-28
   1.5155e-28
   1.9493e-28
   9.8451e-29
   1.7247e-28
   1.7062e-30
  -6.6235e-29
   1.0655e-28
  -1.1026e-28
   7.2113e-29
  -4.0250e-29
   7.6506e-29
   4.7983e-29
   9.4009e-29
   1.4389e-29
  -3.6861e-29
  -1.0950e-28
   2.4363e-30
  -3.1249e-29
  -2.7151e-29
  -1.2370e-28
   6.2351e-29
  -4.6083e-29
  -5.2127e-29
  -1.2931e-28
   1.1297e-28
   1.4604e-29
  -1.2398e-28
   2.1105e-28
  -4.4814e-29
  -9.2149e-29
   9.9307e-29
   1.0082e-29
   2.3021e-29
   1.2614e-28
   1.5807e-28
   9.4686e-29
   1.6673e-28
   1.5297e-28
  -1.7622e-29
   7.3231e-29
   1.2054e-28
   1.4176e-28
   1.5263e-28
   3.1839e-29
   1.2497e-28
   2.7664e-29
   4.3595e-29
   7.0501e-29
  -1.4216e-29
  -2.7882e-29
  -8.3983e-29
  -1.3358e-29
  -1.1998e-29
  -4.8842e-31
   2.6990e-29
  -3.7038e-29
  -4.8725e-29
  -3.7279e-30
  -8.7412e-29
   3.8181e-29
   3.5319e-29
   1.5116e-28
  -8.7496e-29
  -3.4308e-29
  -7.3618e-29
   3.5080e-28
   1.1892e-26
   4.2453e-25
   1.2159e-23
   2.6792e-22
   4.4287e-21
   5.9035e-20
   6.1376e-19
   4.9938e-18
   3.1381e-17
   1.5838e-16
   6.3218e-16
   2.0060e-15
   5.0586e-15
   1.0404e-14
   1.7533e-14
   2.4695e-14
   2.9909e-14
   3.2343e-14
   3.2732e-14
   3.2403e-14
   3.2352e-14
   3.2686e-14
   3.2577e-14
   3.0668e-14
   2.6010e-14
   1.9076e-14
   1.1724e-14
   5.9459e-15
   2.4165e-15
   7.8908e-16
   2.0546e-16
   4.2435e-17
   6.9301e-18
   8.9332e-19
   9.7415e-20
   7.3380e-20
   6.2493e-19
   4.6250e-18
   2.6909e-17
   1.2342e-16
   4.4807e-16
   1.2944e-15
   2.9774e-15
   5.5910e-15
   8.6284e-15
   1.1194e-14
   1.2618e-14
   1.2923e-14
   1.2671e-14
   1.2454e-14
   1.2556e-14
   1.2854e-14
   1.2865e-14
   1.1947e-14
   9.7969e-15
   6.8270e-15
   3.9661e-15
   2.0661e-15
   1.6268e-15
   3.1504e-15
   7.4001e-15
   1.4806e-14
   2.4396e-14
   3.3602e-14
   4.0064e-14
   4.2879e-14
   4.3165e-14
   4.2732e-14
   4.2804e-14
   4.3579e-14
   4.4788e-14
   4.7621e-14
   5.7599e-14
   8.4970e-14
   1.3804e-13
   2.1221e-13
   2.8727e-13
   3.4042e-13
   3.6307e-13
   3.6412e-13
   3.5928e-13
   3.5909e-13
   3.6395e-13
   3.6365e-13
   3.4198e-13
   2.8819e-13
   2.0917e-13
   1.2698e-13
   6.3187e-14
   2.5424e-14
   8.1958e-15
   2.1036e-15
   4.2802e-16
   6.8816e-17
   8.7221e-18
   8.6986e-19
   6.8157e-20
   4.1900e-21
   2.0185e-22
   7.8209e-24
   2.8322e-25
   1.5009e-24
   3.3710e-23
   5.9631e-22
   8.2849e-21
   9.0495e-20
   7.7801e-19
   5.2725e-18
   2.8225e-17
   1.1975e-16
   4.0501e-16
   1.1098e-15
   2.5301e-15
   5.1575e-15
   1.0602e-14
   2.3449e-14
   5.3159e-14
   1.0966e-13
   1.9342e-13
   2.8751e-13
   3.6474e-13
   4.0689e-13
   4.1641e-13
   4.1003e-13
   4.0429e-13
   4.0614e-13
   4.1014e-13
   4.0054e-13
   3.5993e-13
   2.8419e-13
   1.9022e-13
   1.0523e-13
   4.7363e-14
   1.7655e-14
   7.4405e-15
   9.2084e-15
   2.0650e-14
   4.2336e-14
   7.2152e-14
   1.0325e-13
   1.2774e-13
   1.4292e-13
   1.5292e-13
   1.6410e-13
   1.7891e-13
   1.9442e-13
   2.0379e-13
   2.0076e-13
   1.8304e-13
   1.5450e-13
   1.2400e-13
   1.0063e-13
   8.8244e-14
   8.6746e-14
   9.3949e-14
   1.0693e-13
   1.2094e-13
   1.3096e-13
   1.3427e-13
   1.3288e-13
   1.3180e-13
   1.3651e-13
   1.5178e-13
   1.7963e-13
   2.1579e-13
   2.4864e-13
   2.6556e-13
   2.6303e-13
   2.4842e-13
   2.3300e-13
   2.2422e-13
   2.2295e-13
   2.2453e-13
   2.1979e-13
   1.9938e-13
   1.5991e-13
   1.0942e-13
   6.2248e-14
   2.9230e-14
   1.1556e-14
   5.7241e-15
   8.0963e-15
   1.7757e-14
   3.4390e-14
   5.4985e-14
   7.4277e-14
   8.6948e-14
   9.1865e-14
   9.1876e-14
   9.0857e-14
   9.1080e-14
   9.2162e-14
   9.1187e-14
   8.4276e-14
   6.9348e-14
   4.8854e-14
   2.8784e-14
   1.3810e-14
   5.3882e-15
   1.6714e-15
   4.1240e-16
   8.1566e-17
   1.2614e-17
   1.5598e-18
   1.4989e-19
   1.1322e-20
   6.8427e-22
   3.1904e-23
   1.1920e-24
   3.4221e-26
   8.2549e-28
   1.9109e-29
  -2.4746e-29
   4.4878e-29
  -9.6883e-30
   1.5219e-28
   8.8677e-30
   3.8632e-29
   2.6705e-29
   1.0734e-30
   1.0736e-28
   1.2266e-28
   1.5522e-29
   4.4302e-29
   1.0311e-28
   7.6964e-29
   9.3358e-29
  -2.5209e-29
   5.2698e-29
   3.0542e-29
   7.7533e-29
  -4.1444e-29
  -7.5272e-29
   1.0079e-27
   4.2830e-26
   1.3030e-24
   3.0927e-23
   5.9251e-22
   8.6038e-21
   9.8172e-20
   8.9937e-19
   6.3505e-18
   3.5437e-17
   1.5669e-16
   5.5663e-16
   1.5611e-15
   3.5240e-15
   6.4691e-15
   9.8343e-15
   1.2576e-14
   1.4049e-14
   1.4334e-14
   1.4053e-14
   1.3834e-14
   1.3963e-14
   1.4282e-14
   1.4241e-14
   1.3159e-14
   1.0743e-14
   7.4375e-15
   4.2787e-15
   2.0046e-15
   7.5552e-16
   2.2707e-16
   5.4065e-17
   1.0142e-17
   1.4915e-18
   1.7317e-19
   1.6057e-20
   1.1728e-21
   6.7430e-23
   3.0501e-24
   1.0844e-25
   2.9981e-27
   1.4999e-28
  -2.8513e-29
   1.5436e-29
  -5.6959e-29
   2.2252e-28
   8.2732e-27
   3.5188e-25
   1.1715e-23
   3.0596e-22
   6.2733e-21
   1.0107e-19
   1.2811e-18
   1.2789e-17
   9.9025e-17
   6.1756e-16
   3.0509e-15
   1.1980e-14
   3.7557e-14
   9.3950e-14
   1.9230e-13
   3.2351e-13
   4.5609e-13
   5.5390e-13
   6.0104e-13
   6.0999e-13
   6.0453e-13
   6.0324e-13
   6.0879e-13
   6.0712e-13
   5.7383e-13
   4.9189e-13
   3.6658e-13
   2.3046e-13
   1.2039e-13
   5.0837e-14
   1.7461e-14
   4.7374e-15
   1.0188e-15
   1.7683e-16
   2.3682e-17
   2.5662e-18
   2.1138e-19
   1.4178e-20
   7.0984e-22
   2.9235e-23
   8.7531e-25
   2.1959e-26
   4.1930e-28
  -2.6603e-29
   3.8175e-29
  -3.5553e-29
   8.7123e-29
   1.9119e-27
   7.1324e-26
   2.2804e-24
   5.4081e-23
   1.0506e-21
   1.5408e-20
   1.7841e-19
   1.6742e-18
   1.2085e-17
   6.9202e-17
   3.1513e-16
   1.1590e-15
   3.3689e-15
   7.9094e-15
   1.5150e-14
   2.4101e-14
   3.2271e-14
   3.7654e-14
   3.9810e-14
   3.9892e-14
   3.9489e-14
   3.9561e-14
   3.9964e-14
   3.9531e-14
   3.6664e-14
   3.0510e-14
   2.1954e-14
   1.3290e-14
   6.6365e-15
   2.6973e-15
   8.8403e-16
   2.3213e-16
   4.8608e-17
   8.0908e-18
   1.0679e-18
   1.1156e-19
   9.2124e-21
   6.0065e-22
   3.0895e-23
   1.2528e-24
   4.0029e-26
   1.3801e-27
   1.6778e-26
   5.4846e-25
   1.4585e-23
   3.0596e-22
   5.0650e-21
   6.6222e-20
   6.7120e-19
   5.5019e-18
   3.5754e-17
   1.8459e-16
   7.5033e-16
   2.4730e-15
   6.5532e-15
   1.3987e-14
   2.4653e-14
   3.6197e-14
   4.5293e-14
   5.0149e-14
   5.1187e-14
   5.0546e-14
   5.0333e-14
   5.1805e-14
   5.5377e-14
   6.0604e-14
   6.6448e-14
   7.1181e-14
   7.3437e-14
   7.2737e-14
   6.9902e-14
   6.6554e-14
   6.4130e-14
   6.3336e-14
   6.3774e-14
   6.3741e-14
   6.0691e-14
   5.2674e-14
   3.9958e-14
   2.5835e-14
   1.3904e-14
   6.0881e-15
   2.1760e-15
   6.2832e-16
   1.6130e-16
   1.2786e-16
   4.9205e-16
   1.8538e-15
   5.6611e-15
   1.3996e-14
   2.8247e-14
   4.7111e-14
   6.6260e-14
   8.0196e-14
   8.6857e-14
   8.7897e-14
   8.6845e-14
   8.6474e-14
   8.7402e-14
   8.7869e-14
   8.4463e-14
   7.4200e-14
   5.7220e-14
   3.7540e-14
   2.0484e-14
   9.2156e-15
   3.3377e-15
   9.7130e-16
   2.2587e-16
   4.1809e-17
   6.1420e-18
   7.2583e-19
   6.8120e-20
   5.3804e-21
   6.0267e-21
   8.6553e-20
   1.0480e-18
   1.0039e-17
   7.6178e-17
   4.5387e-16
   2.1788e-15
   8.2816e-15
   2.5537e-14
   6.3648e-14
   1.2873e-13
   2.1659e-13
   3.0594e-13
   3.7458e-13
   4.0980e-13
   4.1872e-13
   4.1709e-13
   4.1829e-13
   4.2566e-13
   4.3138e-13
   4.1974e-13
   3.7675e-13
   3.0064e-13
   2.0944e-13
   1.2677e-13
   6.8324e-14
   3.6131e-14
   2.0917e-14
   1.3433e-14
   8.6305e-15
   4.9487e-15
   2.3886e-15
   9.4535e-16
   3.0042e-16
   8.0672e-17
   3.4799e-17
   8.3389e-17
   2.7817e-16
   7.7394e-16
   1.7569e-15
   3.2795e-15
   5.1010e-15
   6.7427e-15
   7.7912e-15
   8.1753e-15
   8.1504e-15
   8.0444e-15
   8.0541e-15
   8.1637e-15
   8.1509e-15
   7.6860e-15
   6.5661e-15
   4.8885e-15
   3.0889e-15
   1.6249e-15
   7.0229e-16
   2.4971e-16
   7.1148e-17
   1.6304e-17
   2.9930e-18
   4.4597e-19
   5.2101e-20
   4.8345e-21
   3.6231e-22
   2.3940e-23
   6.3095e-16
   1.5635e-16
   3.0507e-17
   4.8046e-18
   6.1215e-19
   6.0865e-20
   4.6016e-21
   2.8604e-22
   1.4698e-23
   5.7133e-25
   1.7140e-26
   4.3478e-28
   3.0844e-29
  -7.5315e-30
   1.2071e-28
   7.2773e-29
  -3.6434e-29
   2.1851e-29
  -1.9826e-29
   4.8482e-29
   1.0111e-28
   8.0413e-29
   3.0212e-29
   1.7971e-29
   5.8843e-29
   4.7578e-30
  -4.7109e-29
   7.7783e-30
  -1.4073e-29
   1.0175e-28
  -2.9980e-29
  -1.2111e-28
  -2.9840e-29
  -4.9487e-29
  -8.0262e-29
  -1.6467e-28
  -2.6762e-29
  -9.0075e-29
   4.6823e-30
   6.0436e-28
   2.6518e-26
   9.2417e-25
   2.7334e-23
   6.5668e-22
   1.1342e-20
   1.6451e-19
   1.7938e-18
   1.6667e-17
   1.1731e-16
   6.6859e-16
   2.9861e-15
   1.0562e-14
   3.0765e-14
   7.2762e-14
   1.3752e-13
   2.1844e-13
   2.9088e-13
   3.3791e-13
   3.5513e-13
   3.5427e-13
   3.4966e-13
   3.5023e-13
   3.5495e-13
   3.5392e-13
   3.3209e-13
   2.7921e-13
   2.0457e-13
   1.2542e-13
   6.3428e-14
   2.6520e-14
   9.6040e-15
   4.2156e-15
   3.9728e-15
   5.3419e-15
   6.8261e-15
   7.7375e-15
   8.0186e-15
   7.9575e-15
   7.8655e-15
   7.9053e-15
   8.0128e-15
   7.9143e-15
   7.3022e-15
   5.9794e-15
   4.2263e-15
   2.4659e-15
   1.2242e-15
   4.8248e-16
   1.5290e-16
   3.8734e-17
   7.9109e-18
   1.2856e-18
   1.6833e-19
   1.7670e-20
   1.4140e-20
   1.7351e-19
   1.9075e-18
   1.5914e-17
   1.1003e-16
   5.8440e-16
   2.6283e-15
   8.9441e-15
   2.5066e-14
   5.6400e-14
   1.0461e-13
   1.6027e-13
   2.1117e-13
   2.4566e-13
   2.6492e-13
   2.7814e-13
   2.9277e-13
   3.1104e-13
   3.3057e-13
   3.4413e-13
   3.4413e-13
   3.2473e-13
   2.8867e-13
   2.4678e-13
   2.0903e-13
   1.8070e-13
   1.6051e-13
   1.4723e-13
   1.4211e-13
   1.4655e-13
   1.5633e-13
   1.6328e-13
   1.6134e-13
   1.5103e-13
   1.3838e-13
   1.2864e-13
   1.2431e-13
   1.2448e-13
   1.2546e-13
   1.2165e-13
   1.0919e-13
   8.6683e-14
   6.3043e-14
   5.1286e-14
   6.4837e-14
   1.1195e-13
   1.8575e-13
   2.6489e-13
   3.2810e-13
   3.5957e-13
   3.6456e-13
   3.5865e-13
   3.5536e-13
   3.5917e-13
   3.6479e-13
   3.5799e-13
   3.2378e-13
   2.5910e-13
   1.7585e-13
   1.0017e-13
   4.6208e-14
   1.7621e-14
   5.4059e-15
   1.3133e-15
   2.4389e-16
   3.8151e-17
   4.8075e-18
   4.6758e-19
   3.9186e-20
   2.5296e-21
   1.1871e-22
   4.6116e-24
   1.4198e-25
   3.7129e-27
   1.2884e-28
   7.8191e-29
   8.7822e-30
   6.2131e-29
   1.1627e-28
   1.1048e-28
  -5.6708e-31
   4.6793e-29
   7.5765e-29
   2.8216e-29
   9.1315e-29
   6.5420e-29
  -2.8507e-29
  -4.8977e-29
   3.4733e-29
   4.8802e-29
   1.6305e-29
   1.4678e-28
  -1.9382e-29
   1.4115e-29
   4.0528e-29
   2.6319e-29
  -6.5745e-29
  -7.9010e-29
  -1.9977e-29
   2.9301e-29
   1.1759e-28
   2.1416e-28
   2.5059e-27
   9.0382e-26
   2.8273e-24
   5.9947e-23
   1.1437e-21
   1.7280e-20
   1.9120e-19
   1.8768e-18
   1.3947e-17
   8.1367e-17
   3.9554e-16
   1.5169e-15
   4.6444e-15
   1.1691e-14
   2.4050e-14
   4.0720e-14
   5.8242e-14
   7.1789e-14
   7.8592e-14
   8.0083e-14
   7.9245e-14
   7.8749e-14
   7.9457e-14
   8.0063e-14
   7.7659e-14
   6.9384e-14
   5.5296e-14
   3.7505e-14
   2.1389e-14
   1.0230e-14
   3.9078e-15
   1.2223e-15
   3.3483e-16
   1.9297e-16
   5.5081e-16
   1.8879e-15
   5.0698e-15
   1.1659e-14
   2.1306e-14
   3.2713e-14
   4.3343e-14
   5.0019e-14
   5.2638e-14
   5.2706e-14
   5.2158e-14
   5.2225e-14
   5.2791e-14
   5.2458e-14
   4.9165e-14
   4.1700e-14
   3.0732e-14
   1.9268e-14
   1.0078e-14
   4.3008e-15
   1.4925e-15
   4.3139e-16
   9.7922e-17
   1.7835e-17
   2.7138e-18
   3.1711e-19
   2.9518e-20
   2.2408e-21
   1.3862e-22
   6.3051e-24
   2.3251e-25
   7.2745e-27
   9.0358e-29
  -6.4416e-29
   3.7285e-30
  -3.5316e-29
   8.1047e-29
   1.1173e-28
   4.0712e-29
   3.2420e-29
   7.9841e-29
   5.3610e-29
   1.2076e-28
   5.1968e-29
  -2.4246e-29
  -1.9859e-29
   7.3254e-29
   7.9143e-29
   9.4719e-29
   1.1974e-28
   1.4032e-27
   5.3223e-26
   1.6908e-24
   4.2377e-23
   8.0600e-22
   1.2135e-20
   1.5096e-19
   1.4632e-18
   1.1105e-17
   6.7567e-17
   3.3107e-16
   1.3481e-15
   4.4234e-15
   1.1653e-14
   2.4825e-14
   4.4927e-14
   6.7169e-14
   8.6315e-14
   9.8125e-14
   1.0218e-13
   1.0211e-13
   1.0190e-13
   1.0404e-13
   1.0857e-13
   1.1266e-13
   1.1148e-13
   1.0167e-13
   8.3720e-14
   6.3661e-14
   4.6390e-14
   3.5764e-14
   3.0673e-14
   2.8983e-14
   2.8196e-14
   2.6288e-14
   2.2281e-14
   1.6506e-14
   1.0435e-14
   5.4693e-15
   2.3906e-15
   8.3431e-16
   2.4289e-16
   5.5474e-17
   1.0612e-17
   1.6417e-18
   2.1807e-19
   2.1217e-19
   1.6076e-18
   1.0511e-17
   5.4217e-17
   2.2207e-16
   7.5236e-16
   2.0470e-15
   4.5900e-15
   8.4328e-15
   1.3010e-14
   1.7068e-14
   1.9563e-14
   2.0383e-14
   2.0176e-14
   1.9792e-14
   1.9785e-14
   2.0158e-14
   2.0383e-14
   1.9595e-14
   1.7169e-14
   1.3192e-14
   8.5736e-15
   4.6953e-15
   2.1072e-15
   7.8700e-16
   2.3672e-16
   5.8343e-17
   1.3006e-17
   1.7683e-17
   1.1302e-16
   6.4002e-16
   2.9240e-15
   1.0512e-14
   3.1308e-14
   7.7715e-14
   1.5682e-13
   2.5942e-13
   3.6814e-13
   4.4936e-13
   4.9153e-13
   5.0145e-13
   4.9712e-13
   4.9436e-13
   4.9908e-13
   5.0509e-13
   4.9716e-13
   4.5843e-13
   3.8290e-13
   2.8521e-13
   1.9369e-13
   1.2442e-13
   8.3015e-14
   6.3642e-14
   5.6665e-14
   5.5432e-14
   5.5718e-14
   5.4411e-14
   4.9141e-14
   3.9687e-14
   2.7488e-14
   1.6022e-14
   7.7364e-15
   3.1511e-15
   1.0189e-15
   2.6271e-16
   5.5850e-17
   9.3822e-18
   1.2573e-18
   1.3844e-19
   1.1909e-20
   7.9800e-22
   4.2946e-23
   1.8234e-24
   6.0062e-26
   1.6249e-27
   1.6547e-28
   6.2410e-31
   7.1453e-29
   5.4658e-29
   1.0002e-28
   8.3629e-29
   2.2359e-28
   7.7439e-30
   5.2945e-29
   5.3984e-29
   7.5015e-29
   3.4789e-29
   7.7986e-29
   1.6219e-28
   7.2728e-29
   1.1790e-29
   1.2758e-29
   7.1597e-29
   1.1585e-29
   4.7309e-30
  -5.1702e-29
   2.2666e-29
  -1.3635e-30
   3.3212e-29
  -4.7829e-29
   6.6941e-29
  -1.4357e-28
  -8.2654e-29
  -7.8650e-29
   6.3400e-29
  -1.4495e-28
   7.5189e-28
   3.9625e-26
   1.2629e-24
   3.3722e-23
   7.1347e-22
   1.1988e-20
   1.6037e-19
   1.6221e-18
   1.3924e-17
   9.6034e-17
   5.3345e-16
   2.3918e-15
   8.7151e-15
   2.5799e-14
   6.1039e-14
   1.2046e-13
   1.9583e-13
   2.6844e-13
   3.2057e-13
   3.4443e-13
   3.4719e-13
   3.4313e-13
   3.4272e-13
   3.4827e-13
   3.5283e-13
   3.4291e-13
   3.0628e-13
   2.4364e-13
   1.6610e-13
   9.6996e-14
   4.9249e-14
   2.3538e-14
   1.2488e-14
   8.1987e-15
   5.9692e-15
   4.0694e-15
   2.3889e-15
   1.1695e-15
   4.7319e-16
   2.1617e-16
   4.1110e-16
   1.7071e-15
   6.2321e-15
   1.8271e-14
   4.3919e-14
   8.7104e-14
   1.4246e-13
   2.0005e-13
   2.4626e-13
   2.7815e-13
   2.9999e-13
   3.1923e-13
   3.3696e-13
   3.5093e-13
   3.5608e-13
   3.4592e-13
   3.1593e-13
   2.6860e-13
   2.1263e-13
   1.6163e-13
   1.2064e-13
   8.7381e-14
   5.8764e-14
   3.5084e-14
   1.7532e-14
   7.2044e-15
   2.4424e-15
   6.7354e-16
   1.4740e-16
   2.6979e-17
   8.3270e-18
   3.2424e-17
   1.7623e-16
   7.8251e-16
   2.8524e-15
   8.5144e-15
   2.0893e-14
   4.3300e-14
   7.6123e-14
   1.1469e-13
   1.5151e-13
   1.7781e-13
   1.9125e-13
   1.9476e-13
   1.9390e-13
   1.9317e-13
   1.9339e-13
   1.9143e-13
   1.8190e-13
   1.6084e-13
   1.2795e-13
   8.9473e-14
   5.4190e-14
   2.7693e-14
   1.1828e-14
   4.2219e-15
   1.2227e-15
   2.8777e-16
   5.5491e-17
   8.4710e-18
   1.0331e-18
   1.0188e-19
   7.8447e-21
   4.8546e-22
   2.3351e-23
   8.8569e-25
   3.4796e-26
   1.1579e-27
   3.7716e-27
   1.4530e-25
   4.5636e-24
   1.1299e-22
   2.1210e-21
   3.2799e-20
   3.9416e-19
   3.9319e-18
   3.0682e-17
   1.8507e-16
   9.3602e-16
   3.8312e-15
   1.2587e-14
   3.4256e-14
   7.7174e-14
   1.4147e-13
   2.1745e-13
   2.8467e-13
   3.2618e-13
   3.4135e-13
   3.3948e-13
   3.3419e-13
   3.3443e-13
   3.4090e-13
   3.4621e-13
   3.3676e-13
   3.0208e-13
   2.4075e-13
   1.6826e-13
   1.0263e-13
   5.8624e-14
   3.5269e-14
   2.5566e-14
   2.2644e-14
   2.2098e-14
   2.1308e-14
   1.8979e-14
   1.4855e-14
   1.0095e-14
   5.7865e-15
   3.0486e-15
   2.2719e-15
   3.9372e-15
   8.8954e-15
   1.7864e-14
   2.9894e-14
   4.2192e-14
   5.1967e-14
   5.7063e-14
   5.8315e-14
   5.7849e-14
   5.7447e-14
   5.7840e-14
   5.8296e-14
   5.6959e-14
   5.1782e-14
   4.2342e-14
   2.9702e-14
   1.7714e-14
   8.7766e-15
   3.5934e-15
   1.2178e-15
   3.2138e-16
   7.0361e-17
   1.3190e-17
   1.8688e-18
   2.2404e-19
   2.1552e-20
   1.5711e-21
   9.3491e-23
   4.2974e-24
   1.7261e-25
   5.0174e-27
   1.0410e-28
   3.1359e-29
   1.3069e-28
  -7.0734e-29
  -8.7177e-29
   7.6796e-29
   1.8392e-27
   6.3813e-26
   1.6731e-24
   3.5668e-23
   5.9019e-22
   8.0001e-21
   8.3094e-20
   7.1030e-19
   4.6149e-18
   2.4853e-17
   1.0634e-16
   3.7825e-16
   1.0595e-15
   2.4893e-15
   4.8051e-15
   7.7527e-15
   1.0778e-14
   1.2944e-14
   1.4033e-14
   1.4494e-14
   1.5215e-14
   1.7574e-14
   2.2825e-14
   3.1521e-14
   4.2723e-14
   5.3544e-14
   6.0792e-14
   6.3822e-14
   6.5476e-14
   7.0831e-14
   8.4006e-14
   1.0642e-13
   1.3332e-13
   1.5485e-13
   1.6470e-13
   1.6127e-13
   1.4926e-13
   1.3635e-13
   1.2725e-13
   1.2301e-13
   1.1981e-13
   1.1185e-13
   9.5646e-14
   7.1572e-14
   4.6241e-14
   2.5093e-14
   1.1095e-14
   4.0142e-15
   1.2109e-15
   2.9332e-16
   5.7567e-17
   9.5100e-18
   1.2134e-18
   1.2659e-19
   1.0524e-20
   6.9437e-22
   3.6238e-23
   1.4343e-24
   4.6611e-26
   1.2769e-27
   3.6602e-29
  -1.1101e-29
  -1.0419e-28
   4.5898e-30
  -8.5694e-29
   2.5789e-30
   5.2229e-29
  -4.3953e-29
  -2.2686e-29
  -8.5215e-29
  -3.5933e-29
  -4.8767e-29
   1.8543e-29
   9.4830e-29
   2.9464e-29
  -4.6719e-29
   1.2237e-28
   9.3709e-30
   2.1561e-29
   9.2244e-29
   6.8060e-29
   1.3493e-28
  -2.0483e-29
  -2.8672e-29
   1.9136e-29
  -2.9042e-29
  -1.6439e-29
  -1.7223e-29
  -5.5988e-29
  -3.4731e-29
  -1.0255e-28
  -6.3227e-29
   3.7471e-29
  -1.2067e-28
   4.0178e-29
  -5.0032e-29
   1.4852e-29
  -6.5075e-29
   7.7548e-29
   6.6298e-29
  -2.3127e-29
   1.9213e-28
   9.0711e-30
   6.6342e-29
   7.4743e-29
   5.4402e-29
  -1.2884e-29
   1.1586e-28
   8.9428e-29
   1.3998e-29
   9.6816e-29
  -2.9864e-29
   8.4138e-29
   1.3193e-29
   6.6668e-29
  -9.7851e-29
   1.1582e-29
  -1.1672e-28
  -2.0154e-29
  -7.7405e-29
  -6.8521e-29
  -8.9814e-29
   7.6549e-29
   5.8501e-29
   1.0060e-28
  -5.9896e-30
   1.9155e-28
   3.2028e-30
   8.6834e-29
  -4.0864e-29
   4.7726e-29
  -3.6028e-29
  -3.0592e-29
   1.4907e-28
   6.3371e-29
   1.9961e-29
   2.9971e-29
  -4.8683e-29
   6.4182e-29
  -4.9695e-29
  -4.0506e-30
  -9.3103e-29
  -1.9361e-29
   3.8034e-29
  -3.0842e-29
   9.0206e-29
   2.3584e-29
  -4.5365e-29
   5.1774e-29
   7.5656e-29
   6.8782e-29
   4.8195e-29
   4.8854e-29
   1.1415e-28
   1.3194e-28
   1.1869e-28
   1.2947e-28
   5.4556e-29
   1.2499e-28
   1.1029e-28
  -3.1528e-29
   1.0739e-28
   6.1214e-29
   3.2189e-29
   1.0908e-28
  -1.0972e-29
   6.5159e-29
  -1.1381e-28
   1.2403e-27
   5.1272e-26
   1.6659e-24
   4.3835e-23
   8.8694e-22
   1.4225e-20
   1.8171e-19
   1.8025e-18
   1.5357e-17
   1.0254e-16
   5.9561e-16
   2.7326e-15
   1.0070e-14
   2.9753e-14
   7.2877e-14
   1.4655e-13
   2.4314e-13
   3.4331e-13
   4.2299e-13
   4.6499e-13
   4.7605e-13
   4.7156e-13
   4.6769e-13
   4.7119e-13
   4.7737e-13
   4.7225e-13
   4.3966e-13
   3.7541e-13
   2.8877e-13
   2.0508e-13
   1.3944e-13
   1.0068e-13
   8.0321e-14
   7.1644e-14
   6.8479e-14
   6.8258e-14
   6.8856e-14
   6.7780e-14
   6.2437e-14
   5.1537e-14
   3.7570e-14
   2.2932e-14
   1.1895e-14
   5.1632e-15
   1.7904e-15
   5.0843e-16
   1.1642e-16
   2.1910e-17
   3.1306e-18
   3.6984e-19
   4.2343e-20
   7.5507e-20
   5.8060e-19
   3.6969e-18
   1.8864e-17
   7.9561e-17
   2.7076e-16
   7.7048e-16
   1.9133e-15
   4.4283e-15
   1.0167e-14
   2.3105e-14
   5.0642e-14
   9.7291e-14
   1.6387e-13
   2.3878e-13
   2.9839e-13
   3.3434e-13
   3.4620e-13
   3.4784e-13
   3.5591e-13
   3.8362e-13
   4.3548e-13
   5.0230e-13
   5.5923e-13
   5.7703e-13
   5.4916e-13
   4.8931e-13
   4.2954e-13
   3.8706e-13
   3.6902e-13
   3.6457e-13
   3.5867e-13
   3.3522e-13
   2.8725e-13
   2.1500e-13
   1.3947e-13
   7.5964e-14
   3.4330e-14
   1.2934e-14
   3.8303e-15
   9.6790e-16
   2.0353e-16
   3.3412e-17
   4.6383e-18
   5.4153e-19
   4.5232e-20
   3.1427e-21
   1.7312e-22
   7.6921e-24
   2.6403e-25
   6.9475e-27
   1.9182e-28
   1.0207e-28
   7.6259e-29
   9.6391e-29
   7.4737e-28
   2.6318e-26
   8.4505e-25
   2.1351e-23
   4.2567e-22
   6.4138e-21
   8.4002e-20
   7.9999e-19
   6.5402e-18
   4.1183e-17
   2.1069e-16
   9.1307e-16
   3.1690e-15
   9.1089e-15
   2.1582e-14
   4.1005e-14
   6.5601e-14
   8.9887e-14
   1.0691e-13
   1.1482e-13
   1.1589e-13
   1.1449e-13
   1.1460e-13
   1.1815e-13
   1.2473e-13
   1.3112e-13
   1.3231e-13
   1.2470e-13
   1.0917e-13
   9.0516e-14
   7.4253e-14
   6.3385e-14
   5.8119e-14
   5.6799e-14
   5.7000e-14
   5.6167e-14
   5.1949e-14
   4.3069e-14
   3.0931e-14
   1.9107e-14
   9.9547e-15
   4.2052e-15
   1.4874e-15
   4.4537e-16
   1.6225e-16
   3.0709e-16
   1.0990e-15
   3.2772e-15
   8.2958e-15
   1.7059e-14
   2.9508e-14
   4.2901e-14
   5.4184e-14
   6.0801e-14
   6.2964e-14
   6.2690e-14
   6.2120e-14
   6.2338e-14
   6.2977e-14
   6.2307e-14
   5.8122e-14
   4.9177e-14
   3.6485e-14
   2.2990e-14
   1.2133e-14
   5.3169e-15
   1.9416e-15
   5.9016e-16
   1.4238e-16
   2.7750e-17
   4.4191e-18
   5.7229e-19
   5.7092e-20
   4.5897e-21
   2.8711e-22
   1.4661e-23
   1.2165e-23
   2.6082e-22
   4.9577e-21
   7.1063e-20
   7.7977e-19
   7.1312e-18
   5.1147e-17
   2.9865e-16
   1.3834e-15
   5.3346e-15
   1.6150e-14
   4.0722e-14
   8.5612e-14
   1.4977e-13
   2.1887e-13
   2.7628e-13
   3.0899e-13
   3.1857e-13
   3.1496e-13
   3.1034e-13
   3.1121e-13
   3.1647e-13
   3.1803e-13
   3.0289e-13
   2.6262e-13
   2.0098e-13
   1.3122e-13
   7.2202e-14
   3.2501e-14
   1.2235e-14
   3.7233e-15
   9.4254e-16
   1.9012e-16
   3.1173e-17
   3.9570e-18
   8.8608e-19
   4.0381e-18
   2.7165e-17
   1.5546e-16
   7.1954e-16
   2.6236e-15
   7.8406e-15
   1.8880e-14
   3.8707e-14
   6.5147e-14
   9.4243e-14
   1.1712e-13
   1.3062e-13
   1.3481e-13
   1.3397e-13
   1.3282e-13
   1.3338e-13
   1.3470e-13
   1.3301e-13
   1.2377e-13
   2.6642e-14
   2.6354e-14
   2.5962e-14
   2.6010e-14
   2.6442e-14
   2.6651e-14
   2.5771e-14
   2.3368e-14
   2.0334e-14
   1.9191e-14
   2.2782e-14
   3.1984e-14
   4.4965e-14
   5.8688e-14
   7.1806e-14
   8.6033e-14
   1.0495e-13
   1.2943e-13
   1.5576e-13
   1.7702e-13
   1.8797e-13
   1.8761e-13
   1.7841e-13
   1.6475e-13
   1.5118e-13
   1.4030e-13
   1.3089e-13
   1.1854e-13
   9.9286e-14
   7.3806e-14
   4.7180e-14
   2.5505e-14
   1.1504e-14
   4.2821e-15
   1.3027e-15
   3.2109e-16
   6.3648e-17
   1.0082e-17
   1.3053e-18
   1.5023e-19
   1.3882e-20
   1.0198e-21
   5.9149e-23
   2.6962e-24
   9.6341e-26
   2.7463e-27
  -5.1189e-29
  -8.0857e-29
  -2.9159e-29
  -7.6949e-29
   2.7366e-29
   6.5152e-29
   4.0910e-29
  -8.0845e-29
   6.3953e-29
  -6.8770e-29
   7.3319e-30
   7.2143e-30
  -1.1281e-28
   4.3398e-29
  -9.6578e-29
  -1.2669e-29
  -6.9729e-29
  -3.2464e-29
   1.5217e-29
  -2.3088e-29
   3.5702e-29
  -2.8361e-29
   1.7090e-28
  -1.8640e-29
   7.8249e-29
   1.4836e-27
   5.4299e-26
   1.5587e-24
   3.5020e-23
   6.1726e-22
   8.5787e-21
   9.4812e-20
   9.3241e-19
   7.6865e-18
   5.0427e-17
   2.6469e-16
   1.1190e-15
   3.8394e-15
   1.0782e-14
   2.5008e-14
   4.8361e-14
   7.8840e-14
   1.0943e-13
   1.3295e-13
   1.4542e-13
   1.4864e-13
   1.4749e-13
   1.4646e-13
   1.4734e-13
   1.4868e-13
   1.4624e-13
   1.3481e-13
   1.1198e-13
   8.1484e-14
   5.0811e-14
   2.6708e-14
   1.1778e-14
   4.2421e-15
   1.2442e-15
   2.9470e-16
   5.5970e-17
   8.8960e-18
   1.2408e-18
   1.3675e-19
   3.0413e-20
   2.2906e-19
   2.2238e-18
   1.6943e-17
   1.0595e-16
   5.3742e-16
   2.2300e-15
   7.7615e-15
   2.2234e-14
   5.2006e-14
   1.0047e-13
   1.6258e-13
   2.2375e-13
   2.6954e-13
   2.9181e-13
   2.9486e-13
   2.8980e-13
   2.8662e-13
   2.8918e-13
   2.9424e-13
   2.9285e-13
   2.7378e-13
   2.3124e-13
   1.7142e-13
   1.0810e-13
   5.6980e-14
   2.5274e-14
   9.2486e-15
   2.7855e-15
   6.9549e-16
   1.3890e-16
   2.3642e-17
   1.2186e-17
   5.1459e-17
   2.2957e-16
   8.4353e-16
   2.6298e-15
   6.6244e-15
   1.3846e-14
   2.4136e-14
   3.5567e-14
   4.5568e-14
   5.1861e-14
   5.4320e-14
   5.4314e-14
   5.3747e-14
   5.3781e-14
   5.4336e-14
   5.4206e-14
   5.1575e-14
   4.5026e-14
   3.4974e-14
   2.3391e-14
   1.3273e-14
   6.2753e-15
   2.5017e-15
   8.1582e-16
   2.2094e-16
   4.7970e-17
   8.5181e-18
   1.1927e-18
   1.3482e-19
   1.1897e-20
   9.3447e-22
   6.3259e-23
   3.4851e-24
   1.4422e-25
   4.8697e-27
   1.0698e-27
   2.9980e-26
   7.4846e-25
   1.5063e-23
   2.4195e-22
   3.7721e-21
   4.7091e-20
   4.5796e-19
   3.5991e-18
   2.2256e-17
   1.1097e-16
   4.5714e-16
   1.5222e-15
   4.2271e-15
   9.8846e-15
   1.8965e-14
   3.0547e-14
   4.2104e-14
   5.0906e-14
   5.5425e-14
   5.6449e-14
   5.5841e-14
   5.5371e-14
   5.5770e-14
   5.6415e-14
   5.5643e-14
   5.1541e-14
   4.3244e-14
   3.1868e-14
   2.0122e-14
   1.0604e-14
   4.6818e-15
   1.7343e-15
   5.3124e-16
   1.3333e-16
   2.7159e-17
   4.3836e-18
   5.7384e-19
   5.9648e-20
   4.9016e-21
   3.7721e-22
   2.4365e-23
   1.2198e-24
   4.7194e-26
   1.2900e-27
  -5.1438e-29
   5.2514e-29
   1.6109e-29
   3.6953e-29
   7.2106e-29
   6.5612e-29
  -1.6868e-30
   6.2479e-29
  -1.0421e-29
   2.4696e-29
  -1.4980e-29
  -2.6542e-29
   3.8416e-28
   1.0713e-26
   3.1779e-25
   7.4262e-24
   1.3601e-22
   1.9573e-21
   2.2242e-20
   2.0112e-19
   1.4634e-18
   9.3914e-18
   4.9720e-17
   2.1133e-16
   7.2693e-16
   2.0425e-15
   4.7352e-15
   9.1552e-15
   1.4933e-14
   2.0762e-14
   2.5211e-14
   2.7492e-14
   2.7956e-14
   2.7575e-14
   2.7256e-14
   2.7416e-14
   2.7874e-14
   2.7866e-14
   2.6278e-14
   2.2558e-14
   1.7050e-14
   1.1091e-14
   6.0963e-15
   2.8107e-15
   1.0579e-15
   3.2361e-16
   8.3895e-17
   1.8390e-17
   3.2185e-18
   4.5346e-19
   5.1925e-20
   4.6281e-21
   3.2562e-22
   1.8298e-23
   9.9141e-25
   4.7143e-26
   1.5459e-27
  -6.8280e-29
   7.6985e-29
   1.5631e-29
   2.5707e-29
  -1.0401e-28
  -2.2630e-29
   7.5714e-29
   9.3633e-31
   1.2551e-28
   8.4263e-29
   3.9242e-29
   1.1340e-28
   1.4732e-28
   1.2752e-28
   6.0289e-29
   1.0207e-28
   7.0060e-30
   1.0664e-28
   5.4901e-30
   3.5499e-29
   3.6694e-29
   3.3407e-29
  -1.8164e-29
   7.0585e-29
   2.8881e-29
   1.6496e-28
   6.4428e-29
   2.4819e-28
  -4.5292e-30
   2.1728e-28
   1.0263e-28
   8.9981e-29
   8.4915e-30
   6.3017e-29
   1.6802e-28
   1.5233e-28
  -4.6446e-29
   2.5574e-28
   1.2799e-28
   3.7678e-29
   2.5825e-28
   7.2413e-29
   1.0425e-28
  -4.5777e-29
   1.4497e-27
   4.6042e-26
   1.3369e-24
   3.0277e-23
   5.4782e-22
   7.5981e-21
   8.2847e-20
   7.1609e-19
   5.2352e-18
   3.4310e-17
   1.7737e-16
   7.3782e-16
   2.4930e-15
   6.9166e-15
   1.5932e-14
   3.0978e-14
   5.0684e-14
   7.0857e-14
   8.6548e-14
   9.5163e-14
   9.7535e-14
   9.6689e-14
   9.5706e-14
   9.6298e-14
   9.8422e-14
   1.0091e-13
   1.0362e-13
   1.0949e-13
   1.2429e-13
   1.5235e-13
   1.9097e-13
   2.2952e-13
   2.5613e-13
   2.6741e-13
   2.6809e-13
   2.6595e-13
   2.6655e-13
   2.7055e-13
   2.7335e-13
   2.6579e-13
   2.4013e-13
   1.9567e-13
   1.4103e-13
   8.9911e-14
   5.3136e-14
   3.3603e-14
   2.7303e-14
   2.7371e-14
   2.8702e-14
   2.9226e-14
   2.8778e-14
   2.8026e-14
   2.7592e-14
   2.7665e-14
   2.7891e-14
   2.7479e-14
   2.5723e-14
   2.2803e-14
   2.0377e-14
   2.1932e-14
   3.2067e-14
   5.6003e-14
   9.7260e-14
   1.5502e-13
   2.2415e-13
   2.9154e-13
   3.4318e-13
   3.7154e-13
   3.7937e-13
   3.7681e-13
   3.7292e-13
   3.7062e-13
   3.6700e-13
   3.5525e-13
   3.2700e-13
   2.7747e-13
   2.1018e-13
   1.3981e-13
   7.9491e-14
   3.8120e-14
   1.5194e-14
   5.0151e-15
   1.3303e-15
   3.0423e-16
   5.8198e-17
   1.2362e-17
   2.5749e-17
   1.4822e-16
   7.0764e-16
   2.8180e-15
   9.5163e-15
   2.6543e-14
   6.1284e-14
   1.1765e-13
   1.8988e-13
   2.6451e-13
   3.2290e-13
   3.5424e-13
   3.6225e-13
   3.5892e-13
   3.5539e-13
   3.5690e-13
   3.6143e-13
   3.6019e-13
   3.4085e-13
   2.9489e-13
   2.2955e-13
   1.6128e-13
   1.1034e-13
   8.5368e-14
   8.3237e-14
   9.1993e-14
   1.0047e-13
   1.0386e-13
   1.0328e-13
   1.0169e-13
   1.0137e-13
   1.0269e-13
   1.0391e-13
   1.0141e-13
   9.1913e-14
   7.4718e-14
   5.3047e-14
   3.2371e-14
   1.6520e-14
   7.0243e-15
   2.4960e-15
   7.5240e-16
   1.8371e-16
   3.6978e-17
   5.8895e-18
   7.5493e-19
   1.5407e-19
   7.5611e-19
   6.1302e-18
   4.0413e-17
   2.1032e-16
   8.9753e-16
   3.0889e-15
   8.9090e-15
   2.1464e-14
   4.3635e-14
   7.3925e-14
   1.0736e-13
   1.3556e-13
   1.5343e-13
   1.6024e-13
   1.6015e-13
   1.5878e-13
   1.5977e-13
   1.6374e-13
   1.6833e-13
   1.6898e-13
   1.6086e-13
   1.4175e-13
   1.1550e-13
   8.8879e-14
   6.8159e-14
   5.5073e-14
   4.8806e-14
   4.6822e-14
   4.6798e-14
   4.6724e-14
   4.5411e-14
   4.3017e-14
   4.1181e-14
   4.1800e-14
   4.5359e-14
   5.0329e-14
   5.4087e-14
   5.5536e-14
   5.5209e-14
   5.4445e-14
   5.4287e-14
   5.4863e-14
   5.5240e-14
   5.3523e-14
   4.8153e-14
   3.8863e-14
   2.7520e-14
   1.6622e-14
   8.4907e-15
   3.5833e-15
   1.3785e-15
   7.5435e-16
   1.2642e-15
   3.0460e-15
   6.4958e-15
   1.1629e-14
   1.7829e-14
   2.3494e-14
   2.7358e-14
   2.9010e-14
   2.9116e-14
   2.8675e-14
   2.8475e-14
   2.8773e-14
   2.9201e-14
   2.8809e-14
   2.6599e-14
   2.2235e-14
   1.6291e-14
   1.0281e-14
   5.4323e-15
   2.4251e-15
   9.0310e-16
   2.8198e-16
   7.1192e-17
   1.4757e-17
   2.4202e-18
   3.2019e-19
   3.6054e-20
   3.7200e-21
   2.9111e-22
   1.8246e-23
   8.6773e-25
   3.2615e-26
   9.0254e-28
  -2.1252e-28
  -6.7803e-29
  -3.4883e-29
  -9.0709e-29
  -7.3901e-29
  -1.4795e-29
   3.1653e-29
   2.8264e-29
  -1.4248e-28
   5.1684e-28
   2.0585e-26
   6.2534e-25
   1.4035e-23
   2.4790e-22
   3.4082e-21
   4.7632e-20
   5.3198e-19
   4.6197e-18
   3.2475e-17
   1.8002e-16
   8.1104e-16
   3.0980e-15
   1.0005e-14
   2.6338e-14
   5.7615e-14
   1.0466e-13
   1.6207e-13
   2.1575e-13
   2.5316e-13
   2.6922e-13
   2.6995e-13
   2.6527e-13
   2.6281e-13
   2.6540e-13
   2.7018e-13
   2.6918e-13
   2.5182e-13
   2.1372e-13
   1.5940e-13
   1.0273e-13
   5.6030e-14
   2.5259e-14
   9.4940e-15
   3.0447e-15
   8.0687e-16
   1.7173e-16
   2.9926e-17
   4.1632e-18
   4.5902e-19
   4.2444e-20
   3.7587e-21
   2.5587e-22
   1.3067e-23
   5.2970e-25
   1.6579e-26
   3.8493e-28
   1.3062e-28
   6.0178e-30
   5.4432e-29
   4.2597e-29
   4.8755e-29
   1.2481e-29
  -6.5200e-29
   3.9881e-29
   9.9521e-29
   7.9576e-29
   1.1475e-28
   8.2016e-29
   9.0838e-29
   5.2695e-29
   1.6501e-28
   1.2473e-28
   9.4278e-29
   1.1278e-28
  -2.2951e-30
  -1.2742e-29
   2.7337e-29
  -8.2699e-29
   9.4996e-30
  -5.8462e-29
   4.1965e-29
  -5.2959e-29
  -8.6209e-29
  -3.8773e-29
   6.5117e-29
   2.0038e-29
   1.4946e-29
   2.3419e-30
  -6.1752e-29
  -9.9844e-29
  -1.0285e-28
  -1.5056e-28
   1.3062e-29
   1.0863e-28
   4.5892e-29
   8.0156e-29
  -2.2530e-29
  -4.8334e-29
   8.5853e-29
  -1.5834e-29
  -8.7974e-31
  -1.0791e-28
  -3.6619e-30
   1.4569e-28
  -2.1770e-29
   1.8578e-28
   9.6723e-30
   2.2608e-29
   1.0800e-28
   1.8133e-28
   1.0794e-28
   5.9468e-29
   9.5670e-29
   1.0297e-28
   1.0263e-28
   6.1027e-29
   1.0264e-28
   1.5928e-28
   2.2791e-29
   8.5107e-29
   3.2659e-30
  -5.1138e-29
   1.6026e-30
  -3.5989e-29
   2.3257e-31
  -5.5456e-29
  -7.6599e-29
   1.6073e-29
  -1.2532e-29
  -6.0335e-29
  -8.2467e-30
   1.6046e-29
   7.8085e-29
   3.2128e-29
  -3.4433e-29
  -1.2146e-28
  -6.5746e-29
   7.3129e-29
  -2.2311e-29
  -1.7207e-30
   1.3781e-28
  -6.9763e-29
  -2.9963e-29
   7.7718e-29
  -3.0033e-29
   8.0130e-29
   1.2127e-28
   1.5893e-28
   1.0752e-28
   1.0795e-28
   5.0467e-29
   1.0824e-28
   4.4821e-29
   1.2411e-28
  -8.3291e-29
  -6.5604e-29
   5.2385e-29
  -1.1935e-29
   8.2609e-29
  -4.0294e-29
  -5.5659e-29
  -1.9021e-30
  -3.3317e-29
  -1.8653e-29
   1.7982e-28
   2.4320e-29
   1.6325e-28
  -4.8251e-29
   7.5017e-29
   9.0790e-29
   7.6480e-29
   2.4584e-30
  -1.4603e-29
   2.4188e-28
   2.5661e-27
   5.9547e-26
   1.2959e-24
   2.8123e-23
   4.6746e-22
   6.1842e-21
   6.2678e-20
   5.1365e-19
   3.3166e-18
   2.0320e-17
   9.8302e-17
   3.8825e-16
   1.2369e-15
   3.2934e-15
   7.2733e-15
   1.3757e-14
   2.1921e-14
   3.0169e-14
   3.6496e-14
   4.0054e-14
   4.1108e-14
   4.0866e-14
   4.0615e-14
   4.1073e-14
   4.2433e-14
   4.4770e-14
   4.8527e-14
   5.4507e-14
   6.3725e-14
   7.5032e-14
   8.5973e-14
   9.3446e-14
   9.6352e-14
   9.5735e-14
   9.4038e-14
   9.3364e-14
   9.4186e-14
   9.5213e-14
   9.3724e-14
   8.6753e-14
   7.2804e-14
   5.3658e-14
   3.4417e-14
   1.9204e-14
   1.0474e-14
   9.6784e-15
   1.8697e-14
   4.2028e-14
   8.1417e-14
   1.3431e-13
   1.9238e-13
   2.4319e-13
   2.8005e-13
   3.0233e-13
   3.1553e-13
   3.2423e-13
   3.3124e-13
   3.3660e-13
   3.3695e-13
   3.2572e-13
   2.9722e-13
   2.5221e-13
   1.9989e-13
   1.5078e-13
   1.1218e-13
   8.5411e-14
   6.7304e-14
   5.4920e-14
   4.6377e-14
   4.0850e-14
   3.7748e-14
   3.6567e-14
   3.6641e-14
   3.7036e-14
   3.6679e-14
   3.4701e-14
   3.1157e-14
   2.7705e-14
   2.7053e-14
   3.0663e-14
   3.7629e-14
   4.5256e-14
   5.0898e-14
   5.3363e-14
   5.3425e-14
   5.2790e-14
   5.2609e-14
   5.3101e-14
   5.3497e-14
   5.2234e-14
   4.7604e-14
   3.9227e-14
   2.8692e-14
   1.8753e-14
   1.2070e-14
   1.0140e-14
   1.3065e-14
   1.9317e-14
   2.6573e-14
   3.2687e-14
   3.6527e-14
   3.8422e-14
   4.0537e-14
   4.7007e-14
   6.3302e-14
   9.4761e-14
   1.4281e-13
   2.0123e-13
   2.5617e-13
   2.9279e-13
   3.0689e-13
   3.0428e-13
   2.9548e-13
   2.8932e-13
   2.8957e-13
   2.9359e-13
   2.9311e-13
   2.7811e-13
   2.4212e-13
   1.8743e-13
   1.2566e-13
   7.2166e-14
   3.5131e-14
   1.4310e-14
   4.8107e-15
   1.3172e-15
   2.9486e-16
   5.9163e-17
   9.6124e-18
   1.2469e-18
   1.4239e-19
   1.6075e-19
   1.2071e-18
   9.4518e-18
   5.8798e-17
   2.9294e-16
   1.1825e-15
   3.9232e-15
   1.0864e-14
   2.5823e-14
   5.1779e-14
   8.8624e-14
   1.3230e-13
   1.7607e-13
   2.1343e-13
   2.3992e-13
   2.5568e-13
   2.6307e-13
   2.6573e-13
   2.6652e-13
   2.6552e-13
   2.5899e-13
   2.4263e-13
   2.1430e-13
   1.7630e-13
   1.3385e-13
   9.2776e-14
   5.8155e-14
   3.2376e-14
   1.5681e-14
   6.4690e-15
   2.2277e-15
   6.3522e-16
   1.5948e-16
   3.2960e-17
   5.5085e-18
   7.4795e-19
   2.2358e-19
   1.2392e-18
   1.0089e-17
   6.6076e-17
   3.5026e-16
   1.4987e-15
   5.2465e-15
   1.5247e-14
   3.8092e-14
   7.8886e-14
   1.3716e-13
   2.0309e-13
   2.6309e-13
   3.0347e-13
   3.1987e-13
   3.2071e-13
   3.1653e-13
   3.1497e-13
   3.1809e-13
   3.2179e-13
   3.1607e-13
   2.9074e-13
   2.4249e-13
   1.7842e-13
   1.1318e-13
   6.0638e-14
   2.7891e-14
   1.0711e-14
   3.4093e-15
   8.8720e-16
   1.8643e-16
   3.1320e-17
   4.8764e-18
   6.3460e-19
   6.3299e-20
   4.9399e-21
   3.0067e-22
   1.4255e-23
   7.8975e-25
   3.2147e-26
   9.5701e-28
  -1.1274e-29
   1.4039e-28
  -1.6816e-29
   5.6272e-29
   1.0805e-28
  -5.0174e-29
   2.9380e-29
   5.5927e-29
   1.1269e-28
   1.4896e-28
   1.4582e-28
   1.7371e-28
   1.6172e-28
   8.5301e-29
   1.2638e-28
   4.1441e-29
  -2.3108e-29
   4.9856e-29
   2.8894e-29
   2.1819e-29
  -6.8778e-29
   1.3032e-29
   1.2134e-28
   2.9996e-29
   1.2028e-28
   1.2001e-28
   2.0406e-28
   1.9164e-28
   7.6390e-29
   1.8019e-28
   6.8295e-29
   2.2527e-29
   1.5099e-28
  -1.1349e-28
   1.2142e-28
   1.2942e-28
   5.9660e-29
   1.4042e-28
   7.6171e-30
   4.4807e-29
   1.3032e-29
  -1.5383e-29
   7.1808e-30
  -7.2706e-30
   1.4810e-29
   1.6522e-28
  -1.1309e-29
   3.0217e-29
  -1.3012e-29
  -8.8820e-29
  -8.0105e-29
   7.3636e-29
   4.2573e-29
  -4.2327e-29
   1.3827e-29
  -2.5051e-29
   4.9700e-29
   6.2413e-29
   6.9058e-29
   1.9050e-28
   1.0009e-28
   7.7502e-29
   1.3887e-28
   1.3208e-29
   1.6409e-28
   7.4892e-29
   8.4280e-29
   7.9546e-29
  -3.1402e-29
   1.6667e-28
  -8.9493e-30
   2.3652e-29
  -1.7748e-29
  -3.9761e-29
  -1.4451e-29
  -2.7157e-29
  -1.3107e-28
  -9.4107e-29
  -8.2487e-29
  -3.7282e-29
  -7.6368e-29
   4.1208e-29
  -2.8419e-29
  -5.6241e-29
  -4.3806e-29
  -5.9074e-29
   5.6802e-28
   1.6949e-26
   4.3917e-25
   1.1662e-23
   2.3634e-22
   3.7115e-21
   4.5182e-20
   4.2771e-19
   3.4197e-18
   2.5459e-17
   1.4881e-16
   6.9759e-16
   2.6534e-15
   8.4030e-15
