   2.4977e-14
   3.6138e-14
   5.5530e-14
   8.2768e-14
   1.1115e-13
   1.3041e-13
   1.3667e-13
   1.3409e-13
   1.3055e-13
   1.3269e-13
   1.4177e-13
   1.5187e-13
   1.5267e-13
   1.3965e-13
   1.1896e-13
   1.0038e-13
   9.0398e-14
   8.8818e-14
   9.1210e-14
   9.0601e-14
   8.1278e-14
   6.3746e-14
   4.3925e-14
   2.8820e-14
   2.0553e-14
   1.7385e-14
   1.5974e-14
   1.3906e-14
   1.0479e-14
   6.5319e-15
   3.2336e-15
   1.2546e-15
   3.6861e-16
   8.6713e-17
   1.5517e-17
   2.1432e-18
   2.2364e-19
   1.6862e-20
   9.2548e-22
   3.5982e-23
   2.3483e-23
   6.5397e-22
   1.3383e-20
   2.0762e-19
   2.3914e-18
   2.1335e-17
   1.5165e-16
   8.4567e-16
   3.4754e-15
   1.1069e-14
   2.7257e-14
   5.3551e-14
   8.4683e-14
   1.1124e-13
   1.2582e-13
   1.2978e-13
   1.2923e-13
   1.2930e-13
   1.2991e-13
   1.2585e-13
   1.1055e-13
   8.3554e-14
   5.2579e-14
   2.6602e-14
   1.0619e-14
   3.3154e-15
   7.8530e-16
   1.5158e-16
   2.2368e-17
   2.5638e-18
   2.1804e-19
   1.3976e-20
   6.0667e-22
   2.0657e-23
   6.2696e-25
   1.4690e-26
   2.8024e-28
   9.7514e-28
   5.9051e-26
   2.5729e-24
   1.1335e-22
   3.3965e-21
   7.2589e-20
   1.1036e-18
   1.2779e-17
   1.1045e-16
   7.3873e-16
   3.9746e-15
   1.6088e-14
   4.8765e-14
   1.1515e-13
   2.1272e-13
   3.1761e-13
   3.9316e-13
   4.2252e-13
   4.2209e-13
   4.1681e-13
   4.2011e-13
   4.2508e-13
   4.0870e-13
   3.4944e-13
   2.5102e-13
   1.4759e-13
   6.9191e-14
   2.6444e-14
   8.9731e-15
   3.8639e-15
   2.7377e-15
   2.3007e-15
   1.7329e-15
   1.0725e-15
   5.2168e-16
   1.9730e-16
   5.5656e-17
   1.2590e-17
   2.1639e-18
   2.8664e-19
   2.8106e-20
   2.0753e-21
   1.0552e-22
   3.8338e-24
   1.3011e-25
   3.2748e-27
  -9.8736e-29
  -4.2181e-29
  -1.1303e-28
   7.7383e-29
   4.6552e-29
  -3.9613e-29
  -5.3636e-29
   4.3530e-28
   3.6101e-26
   1.6158e-24
   5.5494e-23
   1.7833e-21
   4.1803e-20
   6.6542e-19
   7.9509e-18
   7.0093e-17
   4.7620e-16
   2.4523e-15
   1.0258e-14
   3.1840e-14
   7.6138e-14
   1.4379e-13
   2.1738e-13
   2.7361e-13
   2.9866e-13
   3.0073e-13
   2.9761e-13
   2.9912e-13
   3.0105e-13
   2.8801e-13
   2.4604e-13
   1.7688e-13
   1.0379e-13
   4.8561e-14
   1.7958e-14
   7.2522e-15
   1.2297e-14
   4.2144e-14
   1.2412e-13
   2.8068e-13
   4.9962e-13
   7.1285e-13
   8.5048e-13
   8.9315e-13
   8.8048e-13
   8.6845e-13
   8.8031e-13
   8.9254e-13
   8.5102e-13
   7.1489e-13
   4.9989e-13
   2.8133e-13
   1.2459e-13
   4.3338e-14
   1.1649e-14
   2.3583e-15
   3.6750e-16
   7.5518e-17
   2.2778e-16
   1.1048e-15
   4.1030e-15
   1.1496e-14
   2.5188e-14
   4.3406e-14
   6.0704e-14
   7.1286e-14
   7.4040e-14
   7.2951e-14
   7.2248e-14
   7.3337e-14
   7.4096e-14
   7.0307e-14
   5.9470e-14
   4.4656e-14
   3.2386e-14
   2.5966e-14
   2.3954e-14
   2.3248e-14
   2.2383e-14
   2.1724e-14
   2.1835e-14
   2.2402e-14
   2.2185e-14
   1.9777e-14
   1.4949e-14
   9.1176e-15
   4.4294e-15
   1.6853e-15
   4.9110e-16
   1.1039e-16
   1.8716e-17
   2.2808e-18
   2.0921e-19
   1.6358e-20
   3.2920e-21
   3.3875e-20
   3.6365e-19
   2.9597e-18
   1.8605e-17
   9.0978e-17
   3.4504e-16
   1.0001e-15
   2.2237e-15
   3.9138e-15
   5.5920e-15
   6.7245e-15
   7.1198e-15
   7.0939e-15
   7.0399e-15
   7.1037e-15
   7.0948e-15
   6.6218e-15
   5.4288e-15
   3.6970e-15
   2.0413e-15
   8.9332e-16
   3.0685e-16
   9.9039e-17
   1.5701e-16
   7.6217e-16
   3.2543e-15
   1.0596e-14
   2.6620e-14
   5.1903e-14
   8.1104e-14
   1.0469e-13
   1.1649e-13
   1.1822e-13
   1.1685e-13
   1.1712e-13
   1.1839e-13
   1.1525e-13
   1.0163e-13
   7.6738e-14
   4.8200e-14
   2.5209e-14
   1.1555e-14
   5.4593e-15
   3.4268e-15
   3.0465e-15
   3.4401e-15
   5.1046e-15
   1.0153e-14
   2.2111e-14
   4.3216e-14
   7.0353e-14
   9.4994e-14
   1.0956e-13
   1.1311e-13
   1.1196e-13
   1.1156e-13
   1.1285e-13
   1.1164e-13
   1.0158e-13
   8.0007e-14
   5.1986e-14
   2.7173e-14
   1.1201e-14
   3.5855e-15
   8.6586e-16
   1.5845e-16
   2.1143e-17
   2.3628e-18
   2.0180e-19
   1.3071e-20
   6.3416e-22
   2.2538e-23
   5.5888e-25
   8.2838e-27
   6.5925e-29
  -9.5042e-29
   4.6014e-29
   5.6436e-27
   2.2860e-25
   6.9059e-24
   1.5880e-22
   3.4225e-21
   5.0760e-20
   5.4346e-19
   4.3340e-18
   2.6180e-17
   1.2110e-16
   4.3259e-16
   1.2217e-15
   2.6668e-15
   4.5997e-15
   6.4552e-15
   7.6523e-15
   8.0846e-15
   8.0708e-15
   8.0289e-15
   8.0935e-15
   8.0152e-15
   7.3612e-15
   5.9101e-15
   3.9542e-15
   2.1300e-15
   9.5335e-16
   6.3340e-16
   1.6629e-15
   5.7747e-15
   1.6132e-14
   3.5332e-14
   6.1579e-14
   8.7270e-14
   1.0402e-13
   1.1005e-13
   1.0996e-13
   1.0934e-13
   1.1021e-13
   1.0956e-13
   1.0133e-13
   8.2106e-14
   5.5555e-14
   3.0489e-14
   1.3617e-14
   6.2994e-15
   6.9966e-15
   1.4517e-14
   2.7692e-14
   4.2709e-14
   5.4490e-14
   6.0390e-14
   6.1441e-14
   6.0912e-14
   6.1083e-14
   6.1466e-14
   5.9077e-14
   5.1011e-14
   3.7641e-14
   2.2694e-14
   1.0870e-14
   4.0323e-15
   1.1798e-15
   2.9662e-16
   2.3385e-16
   8.7453e-16
   3.1165e-15
   8.6504e-15
   1.8824e-14
   3.2509e-14
   4.5798e-14
   5.4379e-14
   5.7396e-14
   5.7295e-14
   5.6976e-14
   5.7457e-14
   5.7138e-14
   5.2761e-14
   4.2610e-14
   2.8744e-14
   1.5761e-14
   6.7888e-15
   2.2589e-15
   5.7670e-16
   1.1325e-16
   1.7718e-17
   2.0967e-18
   1.9152e-19
   1.2886e-20
   6.3234e-22
   2.2488e-23
   5.3672e-25
   1.2858e-26
   2.1045e-28
   1.6373e-27
   8.4056e-26
   2.9933e-24
   8.2163e-23
   1.6917e-21
   3.1858e-20
   4.3040e-19
   4.1140e-18
   2.9909e-17
   1.6251e-16
   6.7808e-16
   2.2058e-15
   5.5665e-15
   1.1083e-14
   1.7391e-14
   2.2397e-14
   2.4651e-14
   2.4687e-14
   2.4076e-14
   2.4040e-14
   2.4652e-14
   2.4727e-14
   2.2642e-14
   1.7838e-14
   1.1513e-14
   5.9530e-15
   2.4186e-15
   9.2473e-16
   7.2422e-16
   1.2389e-15
   2.0921e-15
   2.9673e-15
   3.8007e-15
   5.2995e-15
   9.4610e-15
   1.9112e-14
   3.5260e-14
   5.4783e-14
   7.0787e-14
   7.8680e-14
   7.9208e-14
   7.7002e-14
   7.6138e-14
   7.7128e-14
   7.6539e-14
   6.9695e-14
   5.4858e-14
   3.5532e-14
   1.8469e-14
   7.4951e-15
   2.3669e-15
   5.8119e-16
   1.1571e-16
   6.3199e-17
   3.4963e-16
   1.9885e-15
   8.6314e-15
   2.9048e-14
   7.7223e-14
   1.5957e-13
   2.6268e-13
   3.5209e-13
   4.0219e-13
   4.1351e-13
   4.0770e-13
   4.0574e-13
   4.1193e-13
   4.1027e-13
   3.7674e-13
   3.0058e-13
   1.9909e-13
   1.0525e-13
   4.3753e-14
   1.4130e-14
   3.5908e-15
   7.0495e-16
   1.0619e-16
   1.2170e-17
   1.0479e-18
   6.6327e-20
   2.8040e-21
   1.0079e-22
   5.1279e-24
   7.6105e-23
   2.0335e-21
   4.0488e-20
   6.0912e-19
   6.9864e-18
   6.1459e-17
   4.4266e-16
   2.3982e-15
   9.7657e-15
   3.0458e-14
   7.3861e-14
   1.4148e-13
   2.1841e-13
   2.7965e-13
   3.0903e-13
   3.1328e-13
   3.0978e-13
   3.1045e-13
   3.1352e-13
   3.0469e-13
   2.6791e-13
   2.0144e-13
   1.2422e-13
   6.1458e-14
   2.3980e-14
   7.2837e-15
   1.7256e-15
   3.0737e-16
   4.0836e-17
   3.9110e-18
   3.1662e-19
   1.9944e-20
   9.5772e-22
   3.4772e-23
   9.4131e-25
   1.9271e-26
   2.4651e-28
   9.5648e-30
  -4.0431e-29
  -1.0692e-28
  -3.1485e-29
  -1.5135e-28
  -1.3338e-28
  -1.1129e-29
  -1.0605e-28
  -2.2868e-28
  -5.8770e-29
  -1.1766e-28
  -8.6241e-30
   1.3818e-30
  -4.1623e-29
  -4.8203e-29
   9.0115e-28
   5.2528e-26
   2.1102e-24
   8.2154e-23
   2.1465e-21
   4.1739e-20
   5.9179e-19
   6.5519e-18
   5.5522e-17
   3.7214e-16
   2.0164e-15
   8.8743e-15
   3.2331e-14
   9.3018e-14
   2.1616e-13
   4.1019e-13
   6.3530e-13
   8.2356e-13
   9.2396e-13
   9.4096e-13
   9.2481e-13
   9.1928e-13
   9.2875e-13
   9.1902e-13
   8.4126e-13
   6.7384e-13
   4.4976e-13
   2.4342e-13
   1.0399e-13
   3.5004e-14
   9.5214e-15
   2.7626e-15
   2.3127e-15
   3.7136e-15
   5.4431e-15
   6.7462e-15
   7.3076e-15
   7.3411e-15
   7.2599e-15
   7.2986e-15
   7.3544e-15
   7.0614e-15
   6.0850e-15
   4.4677e-15
   2.6879e-15
   1.2765e-15
   4.8292e-16
   1.4330e-16
   3.2703e-17
   6.1639e-18
   4.7154e-18
   3.3551e-17
   2.1583e-16
   1.0753e-15
   4.1763e-15
   1.2941e-14
   3.0607e-14
   5.7130e-14
   8.6419e-14
   1.0871e-13
   1.1947e-13
   1.2150e-13
   1.2109e-13
   1.2228e-13
   1.2382e-13
   1.2001e-13
   1.0528e-13
   7.9748e-14
   5.0736e-14
   2.6927e-14
   1.2553e-14
   5.5692e-15
   2.5314e-15
   1.1062e-15
   4.2491e-16
   1.3298e-16
   3.2697e-17
   6.0948e-18
   8.7285e-19
   1.0297e-19
   1.4456e-19
   1.6259e-18
   1.3453e-17
   8.3295e-17
   3.9211e-16
   1.4192e-15
   4.0157e-15
   8.8331e-15
   1.5450e-14
   2.1906e-14
   2.5969e-14
   2.7094e-14
   2.6607e-14
   2.6152e-14
   2.6486e-14
   2.7077e-14
   2.6349e-14
   2.2845e-14
   1.6681e-14
   9.9156e-15
   4.6686e-15
   1.7362e-15
   5.0197e-16
   1.1173e-16
   1.8940e-17
   2.3475e-18
   2.1550e-19
   1.7086e-20
   1.1811e-20
   1.5768e-19
   1.7121e-18
   1.4292e-17
   8.9654e-17
   4.3354e-16
   1.6265e-15
   4.7678e-15
   1.1089e-14
   2.0421e-14
   3.0320e-14
   3.8039e-14
   4.3152e-14
   4.9225e-14
   6.2334e-14
   8.6805e-14
   1.1899e-13
   1.4743e-13
   1.6111e-13
   1.5877e-13
   1.4865e-13
   1.4026e-13
   1.3691e-13
   1.3426e-13
   1.2407e-13
   1.0112e-13
   6.9223e-14
   3.8622e-14
   1.7193e-14
   6.0161e-15
   1.6365e-15
   3.5101e-16
   1.5743e-16
   5.5456e-16
   2.2786e-15
   7.2951e-15
   1.8022e-14
   3.4991e-14
   5.4551e-14
   7.0309e-14
   7.8103e-14
   7.9100e-14
   7.7765e-14
   7.7742e-14
   7.9084e-14
   7.8444e-14
   7.1747e-14
   5.8683e-14
   4.5040e-14
   3.8773e-14
   4.2846e-14
   5.2760e-14
   6.1205e-14
   6.4681e-14
   6.4643e-14
   6.4158e-14
   6.4607e-14
   6.4576e-14
   6.0762e-14
   5.0729e-14
   3.5731e-14
   2.0522e-14
   9.4313e-15
   3.4177e-15
   9.6605e-16
   2.1100e-16
   3.5260e-17
   4.4505e-18
   4.1558e-19
   2.7886e-20
   1.6494e-21
   7.4961e-23
   2.6072e-24
   6.9000e-26
   1.4025e-27
   2.8367e-29
   7.8938e-30
   2.8662e-29
   7.9134e-29
   8.5564e-29
   1.0375e-28
   1.0237e-29
  -9.2126e-29
  -3.2158e-29
  -1.5255e-28
  -9.2857e-29
  -7.6114e-29
  -1.6195e-28
  -1.6362e-28
  -1.8640e-28
  -1.4920e-28
  -7.4752e-29
  -3.0450e-29
  -2.4685e-29
  -1.1349e-28
  -1.7310e-29
  -4.9573e-29
  -4.1884e-29
  -4.8451e-29
  -2.4230e-29
   7.6537e-31
  -1.5338e-28
  -8.3122e-29
  -1.1357e-28
  -1.2434e-29
  -1.6943e-29
  -5.6610e-29
  -1.1875e-29
  -3.5792e-29
  -4.8057e-29
  -3.6381e-29
   9.5460e-29
   4.6814e-27
   1.7606e-25
   5.3876e-24
   1.4460e-22
   2.6914e-21
   3.6627e-20
   3.7329e-19
   2.8872e-18
   1.7093e-17
   7.7947e-17
   2.7535e-16
   7.6151e-16
   1.6500e-15
   2.8145e-15
   3.8826e-15
   4.4946e-15
   4.6156e-15
   4.4897e-15
   4.4055e-15
   4.4839e-15
   4.6189e-15
   4.5142e-15
   3.9108e-15
   2.8493e-15
   1.6943e-15
   7.9670e-16
   2.9241e-16
   8.2599e-17
   1.7675e-17
   2.8597e-18
   3.7470e-19
   3.7796e-20
   2.9740e-21
   1.7591e-22
   7.8740e-24
   2.6313e-25
   6.5245e-27
   2.5698e-28
   2.0621e-28
   8.7712e-29
   1.8050e-28
   6.9980e-29
   4.9792e-29
   1.2823e-28
   5.4099e-29
   1.1034e-28
  -3.0348e-29
   2.5886e-29
   1.7495e-29
  -7.7868e-29
   8.0783e-29
   2.5585e-29
  -4.5244e-29
  -7.9134e-30
   4.8988e-29
   9.2274e-27
   4.4198e-25
   2.0922e-23
   6.8830e-22
   1.6024e-20
   2.7505e-19
   3.5510e-18
   3.4370e-17
   2.5950e-16
   1.5107e-15
   6.8191e-15
   2.4535e-14
   6.7594e-14
   1.4741e-13
   2.5728e-13
   3.6909e-13
   4.5030e-13
   4.8798e-13
   4.9520e-13
   4.9394e-13
   4.9795e-13
   5.0088e-13
   4.8047e-13
   4.1720e-13
   3.1582e-13
   2.0755e-13
   1.2495e-13
   8.8171e-14
   9.9805e-14
   1.5191e-13
   2.2665e-13
   2.9587e-13
   3.3804e-13
   3.5098e-13
   3.4834e-13
   3.4397e-13
   3.4170e-13
   3.3328e-13
   3.0335e-13
   2.4301e-13
   1.6386e-13
   9.0533e-14
   3.9689e-14
   1.3641e-14
   3.6755e-15
   7.4905e-16
   1.1463e-16
   1.2977e-17
   1.2471e-18
   9.1141e-20
   5.1051e-21
   2.2268e-22
   7.2173e-24
   1.7467e-25
   3.2667e-27
   1.1602e-28
   5.9830e-29
   1.1188e-29
   8.6643e-29
   4.4377e-29
   1.6526e-29
   1.2995e-28
  -6.8797e-30
   2.3153e-29
   5.4341e-29
   2.1345e-29
   6.5054e-29
  -5.2369e-29
   7.0414e-30
   2.8985e-29
  -5.5452e-29
   2.0395e-29
  -2.4492e-29
   2.2063e-29
   5.2127e-29
   1.0148e-28
   5.2127e-29
   1.1705e-28
   5.3423e-29
  -4.6421e-30
   7.2292e-30
   2.3424e-28
   8.5740e-27
   3.1113e-25
   8.8456e-24
   2.3644e-22
   4.2783e-21
   5.8207e-20
   5.8932e-19
   4.4488e-18
   2.6129e-17
   1.1702e-16
   4.1129e-16
   1.1293e-15
   2.4403e-15
   4.2197e-15
   5.9214e-15
   7.0408e-15
   7.4339e-15
   7.4041e-15
   7.3425e-15
   7.4167e-15
   7.4790e-15
   7.2051e-15
   6.4587e-15
   5.6593e-15
   5.4689e-15
   6.1149e-15
   7.1236e-15
   7.8565e-15
   8.0725e-15
   8.0104e-15
   7.9835e-15
   8.0563e-15
   7.9701e-15
   7.4590e-15
   6.8921e-15
   8.0194e-15
   1.3998e-14
   2.7842e-14
   5.1427e-14
   8.6827e-14
   1.4568e-13
   2.4960e-13
   4.1641e-13
   6.2481e-13
   8.1990e-13
   9.3946e-13
   9.7147e-13
   9.4953e-13
   9.2104e-13
   9.0852e-13
   8.9653e-13
   8.4020e-13
   7.0614e-13
   5.0517e-13
   2.9922e-13
   1.4288e-13
   5.6263e-14
   1.9992e-14
   8.5335e-15
   5.6259e-15
   4.4644e-15
   3.8553e-15
   4.5066e-15
   7.1566e-15
   1.1552e-14
   1.6150e-14
   1.9393e-14
   2.0674e-14
   2.0713e-14
   2.0566e-14
   2.0705e-14
   2.0669e-14
   1.9428e-14
   1.6210e-14
   1.1481e-14
   6.6239e-15
   3.0621e-15
   1.0948e-15
   3.0848e-16
   6.7869e-17
   1.1700e-17
   1.5592e-18
   1.5712e-19
   1.4155e-20
   3.5310e-20
   4.7903e-19
   5.1749e-18
   4.2594e-17
   2.8773e-16
   1.4789e-15
   5.6881e-15
   1.7071e-14
   3.9748e-14
   7.3706e-14
   1.1139e-13
   1.4032e-13
   1.5439e-13
   1.5645e-13
   1.5497e-13
   1.5540e-13
   1.5642e-13
   1.5105e-13
   1.3184e-13
   9.8961e-14
   6.1088e-14
   3.0374e-14
   1.1858e-14
   3.6134e-15
   8.7144e-16
   1.6331e-16
   2.3318e-17
   2.5927e-18
   2.2027e-19
   1.3819e-20
   1.4484e-21
   1.4291e-20
   2.0630e-19
   2.4368e-18
   2.1059e-17
   1.3888e-16
   6.8502e-16
   2.6066e-15
   7.7838e-15
   1.8114e-14
   3.3622e-14
   5.0869e-14
   6.4020e-14
   7.0223e-14
   7.1134e-14
   7.0464e-14
   7.0656e-14
   7.1164e-14
   6.8801e-14
   6.0225e-14
   4.5282e-14
   2.7933e-14
   1.3917e-14
   5.5102e-15
   1.6982e-15
   4.1115e-16
   7.7063e-17
   1.1105e-17
   1.1932e-18
   9.8126e-20
   2.2618e-13
   3.0978e-13
   4.5180e-13
   6.2139e-13
   7.5554e-13
   8.0700e-13
   7.8392e-13
   7.3564e-13
   7.0694e-13
   7.0907e-13
   7.1751e-13
   6.8590e-13
   5.8044e-13
   4.1446e-13
   2.4312e-13
   1.1374e-13
   4.2433e-14
   1.2435e-14
   3.5107e-15
   3.2821e-15
   8.3060e-15
   1.9087e-14
   3.5578e-14
   5.3832e-14
   6.8183e-14
   7.5350e-14
   7.6611e-14
   7.5860e-14
   7.5919e-14
   7.6604e-14
   7.4898e-14
   6.7015e-14
   5.2193e-14
   3.3998e-14
   1.8012e-14
   7.6083e-15
   2.4919e-15
   6.3781e-16
   1.2951e-16
   2.0615e-17
   2.5545e-18
   2.4590e-19
   1.8351e-20
   1.0596e-21
   4.7236e-23
   1.6212e-24
   4.2716e-26
   9.7521e-28
   9.0304e-29
   4.8333e-29
   8.9372e-29
   1.0538e-28
  -2.2114e-29
   2.8662e-29
   1.2616e-28
   1.4203e-27
   6.9021e-26
   2.6316e-24
   7.6043e-23
   1.6382e-21
   2.7841e-20
   3.6444e-19
   3.6866e-18
   2.8514e-17
   1.7410e-16
   8.2875e-16
   3.0879e-15
   8.9890e-15
   2.0920e-14
   3.9059e-14
   5.9079e-14
   7.5089e-14
   8.3227e-14
   8.4827e-14
   8.4046e-14
   8.4040e-14
   8.4806e-14
   8.3147e-14
   7.5039e-14
   5.9083e-14
   3.9168e-14
   2.1097e-14
   9.0704e-15
   3.1026e-15
   8.1600e-16
   1.6895e-16
   2.7533e-17
   3.5398e-18
   3.4969e-19
   2.7235e-20
   1.6199e-21
   7.5994e-23
   2.7036e-24
   7.5839e-26
   1.4421e-27
  -1.8439e-28
  -1.1674e-28
  -1.1928e-28
  -3.0223e-29
  -1.3382e-29
  -7.1487e-29
   3.0656e-29
   9.0293e-29
  -3.6308e-30
  -2.5666e-29
   2.5267e-28
   6.8159e-27
   2.9552e-25
   1.0101e-23
   2.5593e-22
   5.1147e-21
   7.7044e-20
   9.1520e-19
   8.2843e-18
   5.8387e-17
   3.2482e-16
   1.3963e-15
   4.7560e-15
   1.2680e-14
   2.6942e-14
   4.6364e-14
   6.5206e-14
   7.7885e-14
   8.2525e-14
   8.2221e-14
   8.1243e-14
   8.1813e-14
   8.2704e-14
   7.9970e-14
   6.9893e-14
   5.2430e-14
   3.2736e-14
   1.6579e-14
   6.6347e-15
   2.1079e-15
   5.1429e-16
   9.8298e-17
   1.4386e-17
   1.6635e-18
   1.5266e-19
   1.0737e-20
   5.9519e-22
   2.5618e-23
   8.3818e-25
   2.1621e-26
   4.7444e-28
   5.1727e-29
   1.0656e-28
   5.9094e-29
   1.6732e-28
   7.8380e-29
   1.0305e-29
   1.1153e-28
   3.0830e-29
   1.0312e-28
   8.9683e-29
  -8.9467e-30
   6.4178e-29
   4.0673e-27
   1.5967e-25
   4.7281e-24
   1.1020e-22
   1.9187e-21
   2.6322e-20
   2.7361e-19
   2.2086e-18
   1.4053e-17
   6.8764e-17
   2.6579e-16
   7.9895e-16
   1.9106e-15
   3.6201e-15
   5.5566e-15
   7.0750e-15
   7.7530e-15
   7.7500e-15
   7.5350e-15
   7.4918e-15
   7.7222e-15
   8.1025e-15
   8.5880e-15
   9.7463e-15
   1.2860e-14
   1.8721e-14
   2.6366e-14
   3.2937e-14
   3.6367e-14
   3.6744e-14
   3.5952e-14
   3.5719e-14
   3.6407e-14
   3.6752e-14
   3.4627e-14
   2.8785e-14
   2.0128e-14
   1.1566e-14
   5.3066e-15
   1.9451e-15
   5.5512e-16
   1.2521e-16
   2.1621e-17
   2.9366e-18
   2.9983e-19
   2.4146e-20
   4.6385e-21
   4.5100e-20
   5.1189e-19
   4.4628e-18
   3.0267e-17
   1.5445e-16
   6.2001e-16
   1.9213e-15
   4.7416e-15
   9.2826e-15
   1.4843e-14
   1.9710e-14
   2.2645e-14
   2.3556e-14
   2.3453e-14
   2.3365e-14
   2.3571e-14
   2.3473e-14
   2.2307e-14
   2.0976e-14
   2.4629e-14
   4.3423e-14
   8.7528e-14
   1.5608e-13
   2.3333e-13
   2.9323e-13
   3.2268e-13
   3.2696e-13
   3.2288e-13
   3.2300e-13
   3.2711e-13
   3.2246e-13
   2.9243e-13
   2.3083e-13
   1.5275e-13
   8.1864e-14
   3.5131e-14
   1.2040e-14
   3.2212e-15
   6.9387e-16
   2.1331e-16
   6.6425e-16
   3.1668e-15
   1.2175e-14
   3.6373e-14
   8.6630e-14
   1.6466e-13
   2.5319e-13
   3.2547e-13
   3.6184e-13
   3.6698e-13
   3.6108e-13
   3.6139e-13
   3.7059e-13
   3.7525e-13
   3.5417e-13
   2.9501e-13
   2.1040e-13
   1.2705e-13
   6.8170e-14
   3.7570e-14
   2.5364e-14
   2.1010e-14
   1.7854e-14
   1.3568e-14
   8.6889e-15
   4.5089e-15
   1.9283e-15
   8.8614e-16
   9.6856e-16
   1.9211e-15
   3.4989e-15
   5.2871e-15
   6.6824e-15
   7.3775e-15
   7.4846e-15
   7.3906e-15
   7.3887e-15
   7.4855e-15
   7.3926e-15
   6.7201e-15
   5.3367e-15
   3.5362e-15
   1.9039e-15
   8.2668e-16
   2.8262e-16
   7.5935e-17
   1.6145e-17
   2.6459e-18
   3.4202e-19
   3.3739e-20
   2.5666e-21
   1.5383e-22
   6.8984e-24
   2.4618e-25
   1.3339e-25
   4.5395e-24
   1.2358e-22
   2.6496e-21
   4.6774e-20
   6.4883e-19
   6.7088e-18
   5.1563e-17
   3.1085e-16
   1.4279e-15
   5.1783e-15
   1.4710e-14
   3.2851e-14
   5.9247e-14
   8.7046e-14
   1.0793e-13
   1.1727e-13
   1.1797e-13
   1.1633e-13
   1.1663e-13
   1.1828e-13
   1.1614e-13
   1.0409e-13
   8.1054e-14
   5.2546e-14
   2.7681e-14
   1.1743e-14
   3.9096e-15
   1.0323e-15
   2.1091e-16
   4.3601e-17
   8.0882e-17
   4.5495e-16
   2.1252e-15
   7.7129e-15
   2.2242e-14
   5.0694e-14
   9.2987e-14
   1.3842e-13
   1.7361e-13
   1.9059e-13
   1.9345e-13
   1.9164e-13
   1.9191e-13
   1.9353e-13
   1.8880e-13
   1.6867e-13
   1.3086e-13
   8.5155e-14
   4.4856e-14
   1.8970e-14
   6.3192e-15
   1.6225e-15
   3.3716e-16
   7.5738e-17
   1.4854e-16
   7.0410e-16
   2.6724e-15
   7.9872e-15
   1.9136e-14
   3.6869e-14
   5.9465e-14
   8.2890e-14
   1.0503e-13
   1.2559e-13
   1.4336e-13
   1.5651e-13
   1.6344e-13
   1.6335e-13
   1.5600e-13
   1.4166e-13
   1.2276e-13
   1.0163e-13
   7.9076e-14
   5.6166e-14
   3.4977e-14
   1.8430e-14
   8.1633e-15
   2.9985e-15
   9.0879e-16
   2.2869e-16
   9.1954e-17
   2.7529e-16
   1.1888e-15
   4.1667e-15
   1.1427e-14
   2.4948e-14
   4.3820e-14
   6.2993e-14
   7.6591e-14
   8.2115e-14
   8.2228e-14
   8.1215e-14
   8.1593e-14
   8.2539e-14
   8.0329e-14
   7.1063e-14
   5.4365e-14
   3.4700e-14
   1.8291e-14
   9.4149e-15
   1.1436e-14
   3.2552e-14
   8.9221e-14
   1.9729e-13
   3.5030e-13
   5.0746e-13
   6.1521e-13
   6.5526e-13
   6.4971e-13
   6.3650e-13
   6.3914e-13
   6.5344e-13
   6.4969e-13
   5.9146e-13
   4.6811e-13
   3.1344e-13
   1.7686e-13
   9.1544e-14
   5.4015e-14
   4.2835e-14
   4.0199e-14
   3.8822e-14
   3.7934e-14
   3.8128e-14
   3.8906e-14
   3.8441e-14
   3.4628e-14
   2.6985e-14
   1.7520e-14
   9.2443e-15
   3.9009e-15
   1.3159e-15
   3.4596e-16
   7.1075e-17
   1.1360e-17
   1.4367e-18
   1.3783e-19
   1.0159e-20
   5.7169e-22
   2.5453e-23
   8.1785e-25
   1.9119e-26
   1.0372e-28
  -1.8414e-28
  -1.1301e-28
  -4.0232e-29
  -5.1434e-29
   2.7469e-29
   2.8352e-29
   8.6086e-29
  -3.7222e-29
   9.7739e-30
   1.8015e-29
  -3.7353e-29
  -3.2659e-29
  -4.2268e-29
  -2.3732e-29
  -1.5321e-28
  -1.0808e-28
  -1.6195e-28
  -6.5421e-30
   5.7831e-29
   1.0158e-29
   1.7738e-28
   1.8865e-29
   6.6180e-29
  -6.2235e-29
   2.7436e-30
  -1.2061e-29
  -9.2764e-29
  -5.5991e-29
  -5.3871e-29
   4.3833e-29
   8.7768e-29
  -4.4913e-29
   1.5271e-29
  -1.4385e-28
  -5.7688e-30
  -1.0740e-28
  -1.0584e-28
  -6.4199e-29
   5.2127e-29
   7.2447e-29
  -3.2336e-29
   7.2104e-29
   6.0595e-29
   6.5441e-30
   5.7223e-29
   7.6550e-29
  -2.1914e-29
   2.7615e-29
  -9.2992e-29
  -4.1233e-30
   6.5081e-29
  -7.8467e-31
   5.9496e-29
   8.8417e-29
   1.2801e-28
   9.4087e-29
   5.6854e-29
  -6.9127e-29
  -5.2816e-30
  -6.4823e-29
  -1.6451e-29
   2.4369e-29
   7.9830e-29
   6.3734e-29
   4.2701e-29
   7.4624e-30
   4.7269e-29
   8.6257e-29
   6.6852e-29
   2.7512e-29
   1.0567e-28
   3.5481e-29
  -1.2066e-28
  -5.0105e-29
   5.4812e-30
   1.0400e-28
   8.4520e-28
   3.8562e-26
   1.3935e-24
   3.8307e-23
   7.7908e-22
   1.2683e-20
   1.5936e-19
   1.5509e-18
   1.1518e-17
   6.8099e-17
   3.1494e-16
   1.1445e-15
   3.2603e-15
   7.4786e-15
   1.3833e-14
   2.1000e-14
   2.6853e-14
   3.0001e-14
   3.0801e-14
   3.0591e-14
   3.0546e-14
   3.0800e-14
   3.0357e-14
   2.7771e-14
   2.2400e-14
   1.5293e-14
   8.5804e-15
   3.9102e-15
   1.4045e-15
   4.0073e-16
   9.0151e-17
   1.5913e-17
   2.1984e-18
   2.3730e-19
   2.1177e-20
   1.4537e-20
   1.5027e-19
   1.3236e-18
   9.0649e-18
   4.8395e-17
   2.0211e-16
   6.6311e-16
   1.7068e-15
   3.5335e-15
   5.9036e-15
   8.1206e-15
   9.4865e-15
   9.8544e-15
   9.6569e-15
   9.4595e-15
   9.5536e-15
   9.8118e-15
   9.7533e-15
   8.8198e-15
   6.8800e-15
   4.4573e-15
   2.3513e-15
   1.0797e-15
   7.9883e-16
   1.7902e-15
   4.8342e-15
   1.0810e-14
   1.9532e-14
   2.8922e-14
   3.6327e-14
   4.0086e-14
   4.0864e-14
   4.0553e-14
   4.0585e-14
   4.1006e-14
   4.0803e-14
   3.9831e-14
   4.2112e-14
   5.7557e-14
   9.7200e-14
   1.6198e-13
   2.3570e-13
   2.9374e-13
   3.2195e-13
   3.2574e-13
   3.2137e-13
   3.2118e-13
   3.2568e-13
   3.2290e-13
   2.9599e-13
   2.3775e-13
   1.6092e-13
   8.9347e-14
   3.9983e-14
   1.4258e-14
   4.0212e-15
   8.9234e-16
   1.5525e-16
   2.1122e-17
   2.2426e-18
   1.8551e-19
   1.1939e-20
   5.9702e-22
   2.3168e-23
   7.1695e-25
   2.1124e-26
   1.5737e-25
   4.4095e-24
   9.6246e-23
   1.6342e-21
   2.1604e-20
   2.2261e-19
   1.7901e-18
   1.1252e-17
   5.5425e-17
   2.1477e-16
   6.6267e-16
   1.6485e-15
   3.4658e-15
   6.8580e-15
   1.4423e-14
   3.3032e-14
   7.2630e-14
   1.3868e-13
   2.2154e-13
   2.9685e-13
   3.4235e-13
   3.5488e-13
   3.4932e-13
   3.4357e-13
   3.4565e-13
   3.4913e-13
   3.3685e-13
   2.9293e-13
   2.1877e-13
   1.3556e-13
   6.8121e-14
   2.7373e-14
   8.9314e-15
   3.3784e-15
   4.8113e-15
   1.2530e-14
   2.8659e-14
   5.3458e-14
   8.2177e-14
   1.0677e-13
   1.2239e-13
   1.3145e-13
   1.4073e-13
   1.5442e-13
   1.7034e-13
   1.8056e-13
   1.7739e-13
   1.5893e-13
   1.3113e-13
   1.0394e-13
   8.4664e-14
   7.3950e-14
   6.9893e-14
   7.2053e-14
   8.1450e-14
   9.5889e-14
   1.0934e-13
   1.1616e-13
   1.1648e-13
   1.1515e-13
   1.1765e-13
   1.2789e-13
   1.4744e-13
   1.7434e-13
   2.0207e-13
   2.2157e-13
   2.2760e-13
   2.2213e-13
   2.1279e-13
   2.0692e-13
   2.0674e-13
   2.0779e-13
   2.0020e-13
   1.7528e-13
   1.3271e-13
   8.3979e-14
   4.3384e-14
   1.8204e-14
   6.2882e-15
   2.8164e-15
   4.5639e-15
   1.1553e-14
   2.4921e-14
   4.3472e-14
   6.2874e-14
   7.7120e-14
   8.3564e-14
   8.4275e-14
   8.3389e-14
   8.3603e-14
   8.4447e-14
   8.2518e-14
   7.3925e-14
   5.7655e-14
   3.7669e-14
   2.0213e-14
   8.6868e-15
   2.9957e-15
   8.1051e-16
   1.7244e-16
   2.9113e-17
   3.8011e-18
   3.9320e-19
   3.1276e-20
   1.9368e-21
   9.5113e-23
   3.5660e-24
   1.0613e-25
   2.3352e-27
   6.7462e-29
   5.7954e-29
   1.2314e-28
   1.6449e-28
   4.2225e-31
   1.0233e-28
   2.5178e-29
   5.6652e-29
   2.6735e-29
  -5.4425e-30
   2.0207e-29
  -2.2049e-29
   6.0538e-29
   2.2011e-29
   8.4978e-30
   6.0250e-29
  -6.6260e-30
  -1.3032e-29
  -2.4922e-29
  -2.7556e-29
  -2.6323e-30
  -1.3396e-28
  -2.1414e-28
  -1.1997e-29
   3.1040e-27
   1.1781e-25
   3.4880e-24
   8.2744e-23
   1.4691e-21
   2.0294e-20
   2.2323e-19
   1.8699e-18
   1.2249e-17
   6.2895e-17
   2.5675e-16
   8.1606e-16
   2.0588e-15
   4.1576e-15
   6.8318e-15
   9.2422e-15
   1.0679e-14
   1.1034e-14
   1.0807e-14
   1.0605e-14
   1.0725e-14
   1.1002e-14
   1.0887e-14
   9.7892e-15
   7.6018e-15
   4.8941e-15
   2.5699e-15
   1.0806e-15
   3.6014e-16
   9.4425e-17
   1.9367e-17
   3.0919e-18
   3.8237e-19
   3.6965e-20
   2.8334e-21
   1.6941e-22
   7.8960e-24
   2.8674e-25
   8.0585e-27
   1.5445e-28
  -4.2416e-29
  -1.0215e-28
  -3.4298e-29
  -4.0444e-29
   3.5141e-29
   7.2078e-28
   3.1834e-26
   1.3358e-24
   4.3675e-23
   1.1100e-21
   2.1952e-20
   3.3815e-19
   4.0619e-18
   3.7413e-17
   2.7501e-16
   1.5837e-15
   7.1623e-15
   2.5527e-14
   7.1469e-14
   1.6113e-13
   2.9271e-13
   4.3550e-13
   5.4429e-13
   5.9344e-13
   5.9543e-13
   5.8210e-13
   5.7953e-13
   5.9145e-13
   5.9808e-13
   5.6607e-13
   4.7521e-13
   3.3808e-13
   1.9808e-13
   9.4521e-14
   3.5776e-14
   1.0861e-14
   2.5647e-15
   4.7399e-16
   7.0052e-17
   7.8791e-18
   7.1171e-19
   4.8171e-20
   2.6388e-21
   1.0614e-22
   3.4960e-24
   8.1954e-26
   1.6859e-27
   5.8320e-29
  -8.2367e-29
  -5.0829e-29
   3.8371e-30
  -8.7525e-29
   1.3797e-28
   5.6852e-27
   2.2881e-25
   6.7681e-24
   1.6307e-22
   2.9253e-21
   4.1043e-20
   4.6350e-19
   3.9759e-18
   2.6788e-17
   1.4208e-16
   6.0306e-16
   1.9962e-15
   5.2701e-15
   1.1192e-14
   1.9439e-14
   2.7867e-14
   3.4103e-14
   3.7044e-14
   3.7508e-14
   3.7195e-14
   3.7258e-14
   3.7523e-14
   3.6610e-14
   3.2895e-14
   2.5971e-14
   1.7376e-14
   9.6055e-15
   4.3121e-15
   1.5539e-15
   4.4596e-16
   1.0137e-16
   1.8181e-17
   2.5653e-18
   2.8417e-19
   2.4674e-20
   1.6771e-21
   8.9143e-23
   3.7022e-24
   1.2010e-25
   3.1155e-27
   7.8457e-29
   1.1320e-27
   4.6374e-26
   1.5441e-24
   4.0194e-23
   8.1776e-22
   1.3014e-20
   1.5878e-19
   1.5537e-18
   1.1934e-17
   7.2077e-17
   3.3865e-16
   1.2771e-15
   3.8243e-15
   9.0882e-15
   1.7575e-14
   2.7804e-14
   3.6705e-14
   4.1971e-14
   4.3366e-14
   4.2797e-14
   4.2427e-14
   4.3424e-14
   4.5794e-14
   4.8842e-14
   5.2134e-14
   5.5620e-14
   5.9213e-14
   6.1907e-14
   6.2704e-14
   6.1740e-14
   6.0383e-14
   5.9933e-14
   6.0337e-14
   5.9750e-14
   5.5472e-14
   4.6011e-14
   3.2664e-14
   1.9412e-14
   9.4486e-15
   3.6852e-15
   1.1593e-15
   2.9076e-16
   6.2829e-17
   4.6100e-17
   2.0960e-16
   9.1245e-16
   3.1766e-15
   8.8441e-15
   1.9828e-14
   3.6170e-14
   5.4688e-14
   6.9679e-14
   7.7792e-14
   7.9686e-14
   7.8854e-14
   7.8492e-14
   7.9354e-14
   7.9335e-14
   7.4717e-14
   6.3017e-14
   4.5677e-14
   2.7622e-14
   1.3657e-14
   5.4875e-15
   1.7502e-15
   4.4311e-16
   8.8639e-17
   1.3963e-17
   1.7278e-18
   1.7047e-19
   1.3258e-20
   8.4719e-22
   8.5646e-22
   1.5156e-20
   2.2308e-19
   2.5718e-18
   2.3255e-17
   1.6331e-16
   9.1497e-16
   4.0113e-15
   1.4111e-14
   3.9616e-14
   8.8937e-14
   1.6361e-13
   2.4808e-13
   3.1980e-13
   3.6068e-13
   3.7309e-13
   3.7195e-13
   3.7248e-13
   3.7910e-13
   3.8289e-13
   3.6671e-13
   3.1812e-13
   2.4057e-13
   1.5643e-13
   8.7808e-14
   4.4509e-14
   2.3254e-14
   1.3940e-14
   9.1061e-15
   5.6480e-15
   3.0051e-15
   1.3131e-15
   4.6241e-16
   1.2878e-16
   2.9845e-17
   1.2337e-17
   3.6653e-17
   1.4170e-16
   4.4687e-16
   1.1350e-15
   2.3373e-15
   3.9455e-15
   5.5542e-15
   6.6928e-15
   7.1724e-15
   7.1887e-15
   7.0872e-15
   7.0971e-15
   7.1995e-15
   7.1379e-15
   6.5740e-15
   5.3760e-15
   3.7523e-15
   2.1821e-15
   1.0397e-15
   4.0125e-16
   1.2597e-16
   3.1286e-17
   6.1816e-18
   9.6823e-19
   1.2199e-19
   1.1915e-20
   9.1526e-22
   5.6260e-23
   2.8934e-24
   3.0634e-16
   6.5588e-17
   1.0929e-17
   1.4569e-18
   1.5575e-19
   1.2853e-20
   7.9702e-22
   4.0337e-23
   1.6746e-24
   5.1890e-26
   1.1491e-27
  -1.5584e-29
  -4.7513e-29
  -2.6083e-29
   3.3120e-29
  -5.5447e-29
  -2.1273e-29
   9.1367e-30
   2.5159e-29
   1.3342e-29
   6.8058e-29
   7.7972e-30
   1.2864e-29
  -5.1035e-29
  -5.5186e-29
  -4.8888e-29
  -1.5887e-28
  -8.4666e-29
   1.4153e-30
  -4.3603e-29
  -1.4146e-28
  -1.4023e-28
  -5.5904e-29
  -6.0328e-29
  -6.0045e-29
  -1.5046e-28
  -9.6032e-29
   9.4351e-29
   2.6470e-30
   6.1074e-29
   1.7135e-27
   7.3111e-26
   2.7206e-24
   8.1605e-23
   1.7318e-21
   3.0705e-20
   4.0365e-19
   4.5068e-18
   3.7598e-17
   2.5192e-16
   1.3069e-15
   5.3035e-15
   1.7572e-14
   4.6704e-14
   9.7433e-14
   1.6844e-13
   2.3905e-13
   2.8986e-13
   3.1119e-13
   3.1226e-13
   3.0787e-13
   3.0844e-13
   3.1280e-13
   3.0947e-13
   2.8325e-13
   2.2718e-13
   1.5569e-13
   8.7501e-14
   3.9880e-14
   1.4820e-14
   4.7927e-15
   2.2224e-15
   2.6857e-15
   4.1127e-15
   5.6272e-15
   6.6328e-15
   6.9944e-15
   6.9630e-15
   6.8726e-15
   6.9126e-15
   7.0071e-15
   6.8489e-15
   6.1439e-15
   4.7804e-15
   3.1471e-15
   1.6750e-15
   7.4996e-16
   2.6195e-16
   7.2640e-17
   1.5914e-17
   2.7829e-18
   3.8319e-19
   4.2115e-20
   3.6137e-21
   2.3020e-21
   3.4228e-20
   4.5499e-19
   4.5284e-18
   3.7130e-17
   2.3075e-16
   1.2097e-15
   4.7171e-15
   1.5013e-14
   3.7817e-14
   7.7439e-14
   1.2850e-13
   1.7987e-13
   2.1697e-13
   2.3710e-13
   2.4845e-13
   2.6036e-13
   2.7640e-13
   2.9295e-13
   3.0093e-13
   2.9351e-13
   2.6924e-13
   2.3522e-13
   2.0153e-13
   1.7365e-13
   1.5236e-13
   1.3553e-13
   1.2317e-13
   1.1709e-13
   1.1857e-13
   1.2471e-13
   1.3009e-13
   1.3034e-13
   1.2481e-13
   1.1671e-13
   1.0994e-13
   1.0708e-13
   1.0782e-13
   1.0861e-13
   1.0368e-13
   8.9823e-14
   6.6815e-14
   4.3744e-14
   3.0883e-14
   3.7870e-14
   7.2057e-14
   1.3179e-13
   2.0229e-13
   2.6418e-13
   2.9831e-13
   3.0550e-13
   3.0017e-13
   2.9685e-13
   3.0069e-13
   3.0562e-13
   2.9646e-13
   2.5978e-13
   1.9708e-13
   1.2404e-13
   6.4401e-14
   2.6610e-14
   8.9788e-15
   2.4088e-15
   5.0519e-16
   7.9684e-17
   1.0561e-17
   1.1191e-18
   9.0322e-20
   6.2859e-21
   3.3247e-22
   1.2551e-23
   3.9045e-25
   9.6858e-27
   4.4332e-28
   4.2452e-29
   1.5260e-28
   1.1318e-28
   4.6071e-29
   7.5546e-29
   5.6346e-30
   1.4709e-28
   9.0300e-29
   1.4865e-28
   1.2181e-28
   1.1550e-29
   9.6516e-29
  -1.3169e-29
   3.5832e-29
   2.3367e-30
   2.9036e-29
  -5.4845e-29
   3.3727e-29
   3.1967e-29
  -9.2245e-30
   1.5420e-29
   3.9223e-29
   2.5673e-29
  -9.2452e-29
  -8.8179e-29
  -1.7751e-28
  -8.2807e-30
  -1.5183e-28
   1.0830e-28
   6.8441e-27
   2.7254e-25
   7.1525e-24
   1.6853e-22
   3.1150e-21
   4.1479e-20
   4.9007e-19
   4.3220e-18
   2.9576e-17
   1.6779e-16
   7.4182e-16
   2.5864e-15
   7.3427e-15
   1.6814e-14
   3.1192e-14
   4.8100e-14
   6.2673e-14
   7.0950e-14
   7.3393e-14
   7.2849e-14
   7.2380e-14
   7.3038e-14
   7.3250e-14
   6.9735e-14
   5.9981e-14
   4.5167e-14
   2.8336e-14
   1.4709e-14
   6.3252e-15
   2.1370e-15
   5.8430e-16
   1.3710e-16
   7.4365e-17
   2.5310e-16
   1.0036e-15
   3.0469e-15
   7.8713e-15
   1.5854e-14
   2.6417e-14
   3.7409e-14
   4.5146e-14
   4.8715e-14
   4.9246e-14
   4.8805e-14
   4.8866e-14
   4.9280e-14
   4.8410e-14
   4.4079e-14
   3.5595e-14
   2.4462e-14
   1.4063e-14
   6.6436e-15
   2.5241e-15
   7.7051e-16
   1.9455e-16
   3.8053e-17
   5.9138e-18
   7.6356e-19
   7.4693e-20
   5.7653e-21
   3.6003e-22
   1.8163e-23
   6.6425e-25
   1.9423e-26
   4.4192e-28
  -3.2225e-29
  -1.0547e-28
  -2.1007e-29
   1.6702e-29
  -6.1580e-29
  -3.0941e-29
  -4.9890e-29
  -7.3444e-29
  -7.6101e-29
  -5.8487e-29
  -6.5159e-29
   2.6064e-29
   1.0207e-28
   1.5878e-28
  -3.0291e-29
   1.4256e-29
   1.3955e-28
   1.0554e-28
   1.0985e-28
   4.0045e-27
   1.5550e-25
   4.8714e-24
   1.1463e-22
   2.1130e-21
   3.1937e-20
   3.7193e-19
   3.3533e-18
   2.3994e-17
   1.3688e-16
   6.4454e-16
   2.4200e-15
   7.2038e-15
   1.7090e-14
   3.4140e-14
   5.5287e-14
   7.5605e-14
   8.9719e-14
   9.5547e-14
   9.6115e-14
   9.5747e-14
   9.7227e-14
   1.0048e-13
   1.0246e-13
   9.8785e-14
   8.7310e-14
   6.9788e-14
   5.2303e-14
   3.8653e-14
   3.1069e-14
   2.7898e-14
   2.7015e-14
   2.6218e-14
   2.3806e-14
   1.9218e-14
   1.3288e-14
   7.7054e-15
   3.6429e-15
   1.4195e-15
   4.3558e-16
   1.1080e-16
   2.1803e-17
   3.5770e-18
   4.6995e-19
   5.1320e-20
   4.5960e-20
   4.1923e-19
   3.2402e-18
   1.9523e-17
   9.2272e-17
   3.5748e-16
   1.0977e-15
   2.7453e-15
   5.5395e-15
   9.2420e-15
   1.2864e-14
   1.5316e-14
   1.6243e-14
   1.6111e-14
   1.5747e-14
   1.5741e-14
   1.6095e-14
   1.6247e-14
   1.5350e-14
   1.2960e-14
   9.3987e-15
   5.6484e-15
   2.8178e-15
   1.1343e-15
   3.7583e-16
   9.8975e-17
   2.1112e-17
   3.9587e-18
   5.6138e-18
   4.3154e-17
   2.8601e-16
   1.5123e-15
   6.2014e-15
   2.0871e-14
   5.7968e-14
   1.2872e-13
   2.2971e-13
   3.4480e-13
   4.3429e-13
   4.7913e-13
   4.8478e-13
   4.7403e-13
   4.6854e-13
   4.7611e-13
   4.8753e-13
   4.8133e-13
   4.3668e-13
   3.5066e-13
   2.4682e-13
   1.5840e-13
   9.8388e-14
   6.6310e-14
   5.2719e-14
   4.8339e-14
   4.7971e-14
   4.8327e-14
   4.6582e-14
   4.0708e-14
   3.1205e-14
   2.0095e-14
   1.0704e-14
   4.6538e-15
   1.6903e-15
   4.7989e-16
   1.0728e-16
   1.9608e-17
   2.7990e-18
   3.1546e-19
   2.8968e-20
   2.0550e-21
   1.1234e-22
   4.8861e-24
   1.6592e-25
   4.3143e-27
   5.8416e-29
   5.5808e-30
   1.3116e-28
   8.8591e-30
   7.6391e-29
   1.1779e-28
  -8.7281e-29
   1.8400e-29
  -8.7080e-29
   1.7371e-29
   4.0103e-29
  -3.8138e-30
  -5.1352e-29
   1.5882e-29
   1.0262e-28
   2.1174e-29
  -4.6169e-29
  -5.0516e-29
   3.1039e-29
  -1.7010e-28
  -1.1430e-28
  -1.5980e-28
  -5.6289e-29
  -1.6181e-28
   4.8292e-29
  -6.9319e-30
  -3.7314e-29
  -4.5499e-29
   1.1059e-28
   1.5730e-29
   1.2680e-28
   3.4840e-29
  -2.6985e-29
   2.6805e-27
   1.0150e-25
   3.3887e-24
   8.8867e-23
   1.8320e-21
   2.9772e-20
   3.6036e-19
   3.6852e-18
   3.0006e-17
   1.9502e-16
   1.0138e-15
   4.2476e-15
   1.4324e-14
   3.8046e-14
   8.3248e-14
   1.4749e-13
   2.1616e-13
   2.7054e-13
   2.9839e-13
   3.0330e-13
   2.9950e-13
   2.9876e-13
   3.0395e-13
   3.0713e-13
   2.9386e-13
   2.5356e-13
   1.9127e-13
   1.2145e-13
   6.5579e-14
   3.1267e-14
   1.5003e-14
   8.7807e-15
   6.3054e-15
   4.6150e-15
   2.9792e-15
   1.6056e-15
   7.0837e-16
   2.5215e-16
   9.2129e-17
   1.5497e-16
   7.4163e-16
   3.1218e-15
   1.0411e-14
   2.8127e-14
   6.1838e-14
   1.1008e-13
   1.6520e-13
   2.1235e-13
   2.4504e-13
   2.6593e-13
   2.8392e-13
   3.0194e-13
   3.1714e-13
   3.2212e-13
   3.0890e-13
   2.7462e-13
   2.2572e-13
   1.7361e-13
   1.3028e-13
   9.6837e-14
   6.8899e-14
   4.4213e-14
   2.4499e-14
   1.1091e-14
   4.0562e-15
   1.2103e-15
   2.9070e-16
   5.4715e-17
   8.5131e-18
   2.2801e-18
   1.0640e-17
   6.7805e-17
   3.4724e-16
   1.4417e-15
   4.8350e-15
   1.3134e-14
   2.9739e-14
   5.6360e-14
   9.0318e-14
   1.2532e-13
   1.5231e-13
   1.6733e-13
   1.7203e-13
   1.7158e-13
   1.7074e-13
   1.7036e-13
   1.6709e-13
   1.5560e-13
   1.3299e-13
   1.0068e-13
   6.5988e-14
   3.6941e-14
   1.7191e-14
   6.5970e-15
   2.0919e-15
   5.3113e-16
   1.0832e-16
   1.7919e-17
   2.3182e-18
   2.3704e-19
   1.9409e-20
   1.2270e-21
   6.1734e-23
   2.3882e-24
   7.2071e-26
   2.1579e-27
  -2.3285e-29
   2.3819e-28
   9.5401e-27
   3.8157e-25
   1.1825e-23
   2.7440e-22
   5.1996e-21
   7.5678e-20
   9.0731e-19
   8.4116e-18
   5.9446e-17
   3.4997e-16
   1.6509e-15
   6.1763e-15
   1.8977e-14
   4.7798e-14
   9.6418e-14
   1.6038e-13
   2.2280e-13
   2.6512e-13
   2.8261e-13
   2.8194e-13
   2.7674e-13
   2.7671e-13
   2.8251e-13
   2.8576e-13
   2.7291e-13
   2.3626e-13
   1.7872e-13
   1.1758e-13
   6.7930e-14
   3.8152e-14
   2.4056e-14
   1.8936e-14
   1.7781e-14
   1.7682e-14
   1.6893e-14
   1.4561e-14
   1.0781e-14
   6.8103e-15
   3.5489e-15
   1.6530e-15
   1.1279e-15
   2.1864e-15
   5.6423e-15
   1.2635e-14
   2.3150e-14
   3.5139e-14
   4.5775e-14
   5.2054e-14
   5.4082e-14
   5.3890e-14
   5.3533e-14
   5.3885e-14
   5.4061e-14
   5.1932e-14
   4.5591e-14
   3.5334e-14
   2.3000e-14
   1.2528e-14
   5.5844e-15
   2.0306e-15
   6.0430e-16
   1.3801e-16
   2.6032e-17
   4.1993e-18
   5.0312e-19
   5.0785e-20
   4.0703e-21
   2.4373e-22
   1.1813e-23
   4.3694e-25
   1.4027e-26
   3.8825e-28
   6.3585e-30
   8.2396e-29
  -2.0362e-29
   8.1206e-29
   5.4219e-29
   1.4413e-29
   6.3666e-29
   5.3009e-27
   1.7517e-25
   4.6505e-24
   9.4736e-23
   1.5673e-21
   1.9634e-20
   2.0077e-19
   1.5391e-18
   9.7032e-18
   4.8031e-17
   1.9619e-16
   6.2162e-16
   1.6383e-15
   3.4997e-15
   6.1587e-15
   9.2145e-15
   1.1659e-14
   1.3019e-14
   1.3525e-14
   1.3886e-14
   1.5233e-14
   1.8719e-14
   2.5110e-14
   3.4116e-14
   4.3647e-14
   5.0708e-14
   5.3925e-14
   5.4995e-14
   5.8183e-14
   6.7910e-14
   8.6880e-14
   1.1220e-13
   1.3443e-13
   1.4612e-13
   1.4455e-13
   1.3438e-13
   1.2357e-13
   1.1673e-13
   1.1398e-13
   1.1063e-13
   1.0082e-13
   8.2401e-14
   5.7680e-14
   3.4297e-14
   1.6857e-14
   6.6444e-15
   2.1191e-15
   5.6018e-16
   1.1755e-16
   1.9798e-17
   2.7911e-18
   2.9969e-19
   2.6085e-20
   1.7902e-21
   9.6463e-23
   4.0679e-24
   1.2850e-25
   3.4252e-27
   1.0206e-28
   4.6823e-29
  -3.0054e-29
  -4.2475e-29
  -1.1394e-29
   6.4901e-29
  -2.5501e-29
  -5.7814e-29
  -2.7182e-29
  -1.1555e-28
  -4.6277e-29
  -9.6742e-29
  -6.8450e-29
  -3.3953e-29
  -6.2356e-29
  -1.8096e-29
   2.0228e-29
  -1.3391e-29
  -1.3603e-29
   3.6569e-29
  -1.2400e-28
  -3.4756e-29
  -7.4565e-29
  -1.8090e-29
  -6.8412e-29
  -1.0225e-28
  -1.0946e-28
  -1.5198e-28
  -1.2589e-28
  -1.2743e-28
  -9.4719e-29
  -1.7415e-28
  -8.2147e-29
  -7.4874e-29
   2.3221e-29
  -3.1405e-29
  -1.9538e-28
  -4.2947e-29
   5.0115e-30
   4.7906e-29
   9.4908e-29
   7.4947e-30
   1.7853e-28
   6.2188e-29
   1.9548e-29
   1.0985e-28
   1.8813e-28
   1.0449e-28
   1.3692e-28
   1.4897e-28
   6.6125e-29
   1.7128e-28
   2.6064e-29
   8.7808e-30
  -9.1320e-29
  -3.3026e-29
  -9.4424e-29
   3.4872e-29
   7.7907e-29
   1.4330e-28
   3.8289e-30
   1.3796e-28
   4.3726e-29
   8.4466e-29
   6.0821e-29
   9.0532e-29
  -3.8861e-29
   5.0126e-30
   2.1932e-28
   1.0784e-28
   1.9507e-29
   1.3297e-28
   1.9922e-29
  -1.4439e-29
  -2.5482e-29
   3.3797e-29
   1.5650e-28
   2.4314e-29
  -3.5517e-29
  -2.6730e-29
  -3.0108e-29
  -9.1064e-29
  -2.1758e-29
  -1.3299e-28
  -1.1845e-28
  -7.9475e-29
  -8.7228e-29
  -5.4598e-29
  -1.4255e-28
  -2.4954e-29
   6.0542e-29
  -6.2817e-30
   4.2836e-29
   6.7450e-29
   9.4737e-29
   1.6017e-29
   5.1002e-29
   5.0615e-29
   3.6017e-29
   2.2377e-29
   3.4151e-29
   1.4974e-29
   4.5385e-29
   1.1916e-28
   6.5047e-29
   5.7877e-29
   2.1269e-29
   1.0464e-28
   7.0583e-29
   1.2432e-28
   4.0347e-27
   1.6250e-25
   5.3488e-24
   1.3377e-22
   2.6213e-21
   4.0449e-20
   4.7763e-19
   4.8280e-18
   3.7864e-17
   2.5859e-16
   1.3780e-15
   5.8266e-15
   1.9477e-14
   5.3298e-14
   1.1785e-13
   2.1085e-13
   3.1475e-13
   4.0133e-13
   4.4636e-13
   4.5431e-13
   4.4418e-13
   4.3743e-13
   4.4307e-13
   4.5436e-13
   4.5177e-13
   4.1498e-13
   3.4173e-13
   2.4868e-13
   1.6726e-13
   1.1135e-13
   8.3165e-14
   7.0350e-14
   6.5175e-14
   6.3267e-14
   6.3347e-14
   6.3767e-14
   6.1883e-14
   5.5214e-14
   4.3235e-14
   2.9445e-14
   1.6455e-14
   7.7222e-15
   2.9966e-15
   9.1480e-16
   2.2628e-16
   4.4630e-17
   7.1666e-18
   8.6199e-19
   8.4961e-20
   8.0882e-21
   1.7223e-20
   1.6001e-19
   1.2032e-18
   7.1638e-18
   3.4854e-17
   1.3445e-16
   4.2353e-16
   1.1238e-15
   2.6584e-15
   6.0607e-15
   1.3866e-14
   3.1805e-14
   6.5480e-14
   1.1923e-13
   1.8644e-13
   2.4549e-13
   2.8453e-13
   2.9860e-13
   2.9904e-13
   3.0178e-13
   3.2017e-13
   3.5948e-13
   4.1312e-13
   4.6086e-13
   4.7797e-13
   4.5849e-13
   4.1368e-13
   3.6942e-13
   3.3961e-13
   3.2900e-13
   3.2748e-13
   3.2009e-13
   2.9205e-13
   2.4004e-13
   1.6877e-13
   1.0126e-13
   5.0190e-14
   2.0349e-14
   6.7971e-15
   1.7578e-15
   3.8678e-16
   7.0422e-17
   9.8660e-18
   1.1625e-18
   1.1428e-19
   7.8876e-21
   4.4935e-22
   2.0077e-23
   7.1624e-25
   1.9607e-26
   4.6231e-28
   8.9483e-29
  -5.4892e-29
   4.7614e-29
   1.4514e-28
   2.4601e-29
   1.7459e-27
   6.9370e-26
   2.1911e-24
   5.4126e-23
   9.9712e-22
   1.5879e-20
   1.8077e-19
   1.7575e-18
   1.2971e-17
   7.7000e-17
   3.8571e-16
   1.5347e-15
   5.0102e-15
   1.3324e-14
   2.7915e-14
   4.8494e-14
   7.0951e-14
   8.8249e-14
   9.7153e-14
   9.8862e-14
   9.7461e-14
   9.7118e-14
   9.9698e-14
   1.0431e-13
   1.0764e-13
   1.0595e-13
   9.7732e-14
   8.5009e-14
   7.1519e-14
   6.0542e-14
   5.3489e-14
   5.0293e-14
   4.9829e-14
   5.0195e-14
   4.8981e-14
   4.4052e-14
   3.4758e-14
   2.3277e-14
   1.3223e-14
   6.2487e-15
   2.3555e-15
   7.3637e-16
   1.9179e-16
   6.0112e-17
   1.2813e-16
   5.3534e-16
   1.8124e-15
   5.1682e-15
   1.1798e-14
   2.2385e-14
   3.5117e-14
   4.7048e-14
   5.4888e-14
   5.7995e-14
   5.8114e-14
   5.7620e-14
   5.7821e-14
   5.8263e-14
   5.6927e-14
   5.1596e-14
   4.1603e-14
   2.8851e-14
   1.6680e-14
   7.9621e-15
   3.1192e-15
   1.0087e-15
   2.6912e-16
   5.6215e-17
   9.3885e-18
   1.2692e-18
   1.3816e-19
   1.1441e-20
   7.5602e-22
   3.8448e-23
   1.5626e-24
   1.0704e-24
   2.8644e-23
   6.7435e-22
   1.1831e-20
   1.5696e-19
   1.7209e-18
   1.4624e-17
   1.0021e-16
   5.3810e-16
   2.3867e-15
   8.1832e-15
   2.3145e-14
   5.4002e-14
   1.0345e-13
   1.6261e-13
   2.1660e-13
   2.5036e-13
   2.6187e-13
   2.5914e-13
   2.5461e-13
   2.5549e-13
   2.6053e-13
   2.6091e-13
   2.4373e-13
   2.0321e-13
   1.4669e-13
   8.8677e-14
   4.4489e-14
   1.7969e-14
   6.0088e-15
   1.6033e-15
   3.5266e-16
   6.1038e-17
   8.4989e-18
   9.0226e-19
   1.8533e-19
   1.0746e-18
   8.5480e-18
   5.7596e-17
   3.1067e-16
   1.3032e-15
   4.4314e-15
   1.1970e-14
   2.7286e-14
   5.0206e-14
   7.8352e-14
   1.0295e-13
   1.1927e-13
   1.2555e-13
   1.2553e-13
   1.2452e-13
   1.2504e-13
   1.2587e-13
   1.2262e-13
   1.1077e-13
   2.2004e-14
   2.1795e-14
   2.1413e-14
   2.1460e-14
   2.1869e-14
   2.1953e-14
   2.0783e-14
   1.7958e-14
   1.4409e-14
   1.2540e-14
   1.5081e-14
   2.3195e-14
   3.5547e-14
   4.9006e-14
   6.1170e-14
   7.2637e-14
   8.7051e-14
   1.0702e-13
   1.3084e-13
   1.5195e-13
   1.6355e-13
   1.6308e-13
   1.5302e-13
   1.3896e-13
   1.2635e-13
   1.1736e-13
   1.0948e-13
   9.7616e-14
   7.8676e-14
   5.5090e-14
   3.2559e-14
   1.6026e-14
   6.4926e-15
   2.1434e-15
   5.7131e-16
   1.2193e-16
   2.0686e-17
   2.7732e-18
   3.0217e-19
   2.9493e-20
   2.2805e-21
   1.3829e-22
   6.5351e-24
   2.3966e-25
   6.6922e-27
   1.0583e-28
  -4.0198e-30
  -6.8734e-29
   4.1476e-29
  -3.1403e-29
  -1.0808e-29
  -6.8848e-29
  -2.0330e-30
  -7.6636e-29
  -5.1881e-29
  -1.1658e-28
  -1.0473e-28
  -1.2484e-28
  -3.3551e-29
   2.7645e-29
  -1.8642e-29
  -7.0898e-29
   2.6715e-29
   9.1292e-29
   3.0829e-29
  -6.0453e-29
   1.5806e-28
   7.7708e-29
  -3.9721e-29
  -4.2843e-29
  -6.1872e-29
   1.7105e-28
   3.9642e-27
   1.3920e-25
   3.8834e-24
   8.3855e-23
   1.4071e-21
   1.8488e-20
   2.1795e-19
   2.1491e-18
   1.6682e-17
   1.0247e-16
   5.0123e-16
   1.9675e-15
   6.2501e-15
   1.6210e-14
   3.4636e-14
   6.1568e-14
   9.1758e-14
   1.1752e-13
   1.3292e-13
   1.3809e-13
   1.3766e-13
   1.3673e-13
   1.3753e-13
   1.3826e-13
   1.3400e-13
   1.1964e-13
   9.4421e-14
   6.4128e-14
   3.6739e-14
   1.7493e-14
   6.9050e-15
   2.1961e-15
   5.6203e-16
   1.1480e-16
   1.8593e-17
   2.5165e-18
   2.9967e-19
   2.7664e-20
   4.7974e-21
   4.1898e-20
   4.8838e-19
   4.4051e-18
   3.2286e-17
   1.8986e-16
   9.0434e-16
   3.6062e-15
   1.1716e-14
   3.0664e-14
   6.5332e-14
   1.1476e-13
   1.6841e-13
   2.1241e-13
   2.3606e-13
   2.4059e-13
   2.3603e-13
   2.3287e-13
   2.3542e-13
   2.4008e-13
   2.3733e-13
   2.1676e-13
   1.7535e-13
   1.2215e-13
   7.1030e-14
   3.3952e-14
   1.3524e-14
   4.3956e-15
   1.1633e-15
   2.5278e-16
   4.3364e-17
   6.2734e-18
   3.5527e-18
   1.8719e-17
   9.6645e-17
   4.0649e-16
   1.4480e-15
   4.1117e-15
   9.5666e-15
   1.8300e-14
   2.9114e-14
   3.9617e-14
   4.6997e-14
   5.0403e-14
   5.0847e-14
   5.0379e-14
   5.0411e-14
   5.0845e-14
   5.0232e-14
   4.6649e-14
   3.9020e-14
   2.8515e-14
   1.7615e-14
   9.0890e-15
   3.8606e-15
   1.3717e-15
   3.9393e-16
   9.3083e-17
   1.7414e-17
   2.6376e-18
   3.1120e-19
   2.9339e-20
   2.1346e-21
   1.3938e-22
   7.8423e-24
   3.5377e-25
   1.1808e-26
   3.5565e-28
   9.6221e-29
   2.2443e-27
   6.6503e-26
   1.6366e-24
   3.1591e-23
   6.0553e-22
   9.1995e-21
   1.0761e-19
   1.0067e-18
   7.3186e-18
   4.2403e-17
   2.0109e-16
   7.6153e-16
   2.3870e-15
   6.2631e-15
   1.3280e-14
   2.3272e-14
   3.4311e-14
   4.3587e-14
   4.8907e-14
   5.0473e-14
   5.0037e-14
   4.9577e-14
   4.9970e-14
   5.0471e-14
   4.9196e-14
   4.4302e-14
   3.5462e-14
   2.4473e-14
   1.4221e-14
   6.7827e-15
   2.6801e-15
   8.8219e-16
   2.3763e-16
   5.1872e-17
   9.0858e-18
   1.2453e-18
   1.3700e-19
   1.1835e-20
   7.9939e-22
   5.1466e-23
   2.7555e-24
   1.1221e-25
   3.4925e-27
   1.6460e-28
   1.0375e-28
   5.6795e-30
   1.3186e-28
   1.0445e-28
   1.1298e-28
  -7.9209e-29
   1.4668e-28
   1.1941e-28
  -3.1407e-29
   7.9773e-29
   1.1413e-28
  -3.3355e-29
   3.9555e-29
   6.4089e-28
   2.6366e-26
   7.6825e-25
   1.7361e-23
   3.0449e-22
   4.1611e-21
   4.4626e-20
   3.7985e-19
   2.8733e-18
   1.7816e-17
   8.7651e-17
   3.4480e-16
   1.0944e-15
   2.8306e-15
   6.0276e-15
   1.0679e-14
   1.5869e-14
   2.0221e-14
   2.2681e-14
   2.3313e-14
   2.2991e-14
   2.2674e-14
   2.2835e-14
   2.3265e-14
   2.3127e-14
   2.1335e-14
   1.7583e-14
   1.2518e-14
   7.5392e-15
   3.7771e-15
   1.5656e-15
   5.2206e-16
   1.3965e-16
   3.1629e-17
   6.0231e-18
   9.0323e-19
   1.0776e-19
   1.0334e-20
   7.6148e-22
   4.3796e-23
   1.9905e-24
   8.9330e-26
   3.4833e-27
   7.4506e-29
  -1.0390e-28
  -1.8483e-29
  -4.7783e-29
   5.5380e-29
  -6.9552e-30
  -4.7409e-29
   1.2476e-28
  -4.3006e-29
   3.9276e-29
  -6.9854e-30
   6.8808e-29
  -2.9572e-29
   7.3787e-29
   6.6374e-30
  -3.9518e-29
   1.0608e-28
   7.2163e-29
   6.7960e-30
   1.4314e-28
   1.0305e-28
   1.2345e-28
   2.3279e-28
   1.1284e-28
   1.1778e-28
   1.9807e-28
   7.2148e-29
   1.1138e-28
   1.1541e-28
   1.2857e-28
   2.5107e-28
   6.2167e-29
   1.9309e-28
   8.0942e-29
   5.2790e-29
   6.6881e-29
  -2.2010e-29
   8.1600e-29
   2.1096e-28
   3.5608e-29
   4.3898e-30
   8.6527e-29
   4.3397e-29
  -1.3317e-29
   1.3733e-28
  -1.5257e-28
   3.0387e-27
   1.1625e-25
   3.2850e-24
   7.3321e-23
   1.2369e-21
   1.6167e-20
   1.6486e-19
   1.4137e-18
   1.0969e-17
   6.6324e-17
   3.1882e-16
   1.2299e-15
   3.8490e-15
   9.8839e-15
   2.1197e-14
   3.7767e-14
   5.6576e-14
   7.2668e-14
   8.2440e-14
   8.5705e-14
   8.5177e-14
   8.4192e-14
   8.4670e-14
   8.6182e-14
   8.6544e-14
   8.4538e-14
   8.2922e-14
   8.9031e-14
   1.1029e-13
   1.4690e-13
   1.8866e-13
   2.2082e-13
   2.3652e-13
   2.3916e-13
   2.3729e-13
   2.3776e-13
   2.4160e-13
   2.4338e-13
   2.3295e-13
   2.0359e-13
   1.5764e-13
   1.0628e-13
   6.2787e-14
   3.4819e-14
   2.2177e-14
   1.9914e-14
   2.2165e-14
   2.4933e-14
   2.6547e-14
   2.6815e-14
   2.6421e-14
   2.6124e-14
   2.6224e-14
   2.6320e-14
   2.5486e-14
   2.2956e-14
   1.8970e-14
   1.5105e-14
   1.4377e-14
   2.0443e-14
   3.7406e-14
   6.8534e-14
   1.1462e-13
   1.7347e-13
   2.3525e-13
   2.8656e-13
   3.1748e-13
   3.2763e-13
   3.2577e-13
   3.2139e-13
   3.1806e-13
   3.1308e-13
   2.9964e-13
   2.6977e-13
   2.2045e-13
   1.5808e-13
   9.8013e-14
   5.1112e-14
   2.2158e-14
   7.8734e-15
   2.2877e-15
   5.2687e-16
   1.0487e-16
   1.7299e-17
   3.2353e-18
   8.4922e-18
   5.8094e-17
   3.1995e-16
   1.4544e-15
   5.5847e-15
   1.7561e-14
   4.5063e-14
   9.4621e-14
   1.6407e-13
   2.4119e-13
   3.0443e-13
   3.3809e-13
   3.4403e-13
   3.3672e-13
   3.3081e-13
   3.3330e-13
   3.4146e-13
   3.4350e-13
   3.2370e-13
   2.7279e-13
   2.0179e-13
   1.3093e-13
   8.1240e-14
   5.9384e-14
   6.0333e-14
   7.1583e-14
   8.2032e-14
   8.6673e-14
   8.6628e-14
   8.5125e-14
   8.4802e-14
   8.6112e-14
   8.7098e-14
   8.3922e-14
   7.3805e-14
   5.7115e-14
   3.7913e-14
   2.1291e-14
   9.8374e-15
   3.7346e-15
   1.1772e-15
   3.1288e-16
   6.6477e-17
   1.1518e-17
   1.5577e-18
   1.6711e-19
   2.8916e-20
   1.7155e-19
   1.6675e-18
   1.2999e-17
   7.8954e-17
   3.8897e-16
   1.5251e-15
   4.9658e-15
   1.3407e-14
   3.0284e-14
   5.6119e-14
   8.7807e-14
   1.1738e-13
   1.3823e-13
   1.4758e-13
   1.4862e-13
   1.4734e-13
   1.4789e-13
   1.5071e-13
   1.5280e-13
   1.4948e-13
   1.3737e-13
   1.1674e-13
   9.3046e-14
   7.1915e-14
   5.7032e-14
   4.8341e-14
   4.4516e-14
   4.3564e-14
   4.3632e-14
   4.2779e-14
   3.9812e-14
   3.5167e-14
   3.1271e-14
   3.0832e-14
   3.4762e-14
   4.1235e-14
   4.6740e-14
   4.9453e-14
   4.9707e-14
   4.9097e-14
   4.8958e-14
   4.9500e-14
   4.9627e-14
   4.7250e-14
   4.1063e-14
   3.1425e-14
   2.0753e-14
   1.1494e-14
   5.3062e-15
   1.9898e-15
   6.7102e-16
   3.3033e-16
   6.2283e-16
   1.7138e-15
   4.0649e-15
   7.9628e-15
   1.3180e-14
   1.8443e-14
   2.2379e-14
   2.4254e-14
   2.4505e-14
   2.4098e-14
   2.3897e-14
   2.4196e-14
   2.4570e-14
   2.4001e-14
   2.1576e-14
   1.7241e-14
   1.1850e-14
   6.8988e-15
   3.3063e-15
   1.3259e-15
   4.3954e-16
   1.2100e-16
   2.6580e-17
   4.7407e-18
   6.6023e-19
   7.3361e-20
   6.9618e-21
   6.0881e-22
   3.9507e-23
   2.0246e-24
   7.7658e-26
   2.3284e-27
   7.8191e-29
   1.2772e-28
   2.6158e-29
  -8.7604e-29
   5.4182e-29
   2.3312e-29
  -1.2022e-28
   9.4960e-29
   1.8465e-28
  -7.1705e-30
   5.2127e-29
   1.2244e-27
   4.6015e-26
   1.2776e-24
   2.7420e-23
   4.4810e-22
   7.6621e-21
   1.0357e-19
   1.0745e-18
   8.9219e-18
   5.7585e-17
   2.9819e-16
   1.3015e-15
   4.7986e-15
   1.4230e-14
   3.4614e-14
   6.8862e-14
   1.1514e-13
   1.6268e-13
   1.9898e-13
   2.1635e-13
   2.1825e-13
   2.1398e-13
   2.1156e-13
   2.1410e-13
   2.1846e-13
   2.1624e-13
   1.9765e-13
   1.6087e-13
   1.1292e-13
   6.7382e-14
   3.3496e-14
   1.3547e-14
   4.5186e-15
   1.2829e-15
   2.9762e-16
   5.4704e-17
   8.1407e-18
   9.5510e-19
   8.7749e-20
   6.7702e-21
   5.0652e-22
   2.8463e-23
   1.1776e-24
   3.8191e-26
   9.6569e-28
   3.6748e-29
   9.2335e-30
  -3.7288e-29
   2.8998e-30
   1.0492e-29
   3.8716e-29
   3.7301e-29
  -1.0331e-29
  -4.7123e-29
   9.6542e-29
  -4.2831e-29
   3.0295e-29
   2.8997e-29
  -1.7942e-29
  -7.2219e-30
   4.2786e-29
  -9.3084e-30
  -7.0200e-29
   2.7747e-29
  -4.7901e-29
   1.5320e-29
   5.5761e-29
   2.6236e-29
   1.1664e-28
   6.8609e-29
   5.1202e-29
   4.4352e-29
   4.7386e-29
  -7.1321e-29
  -1.7868e-46
  -7.2474e-29
  -3.9095e-29
   6.1136e-29
  -7.4783e-29
  -1.5773e-29
  -2.2793e-29
  -9.6176e-30
  -5.6461e-29
  -7.0012e-29
  -6.4302e-29
  -3.1476e-29
  -1.6641e-29
  -3.2268e-29
   8.6378e-30
  -1.9737e-29
  -1.7731e-29
  -4.9159e-29
   2.9577e-29
  -3.4127e-29
  -6.2710e-29
  -3.5141e-29
  -6.2338e-30
   2.1776e-29
  -1.5047e-29
   2.0994e-29
   5.0470e-29
   3.9959e-29
  -2.5118e-29
   1.0949e-28
   4.6383e-29
   4.8892e-29
   6.3304e-29
  -7.1455e-29
  -8.1636e-29
  -3.6970e-29
  -7.6877e-29
  -8.9369e-29
  -5.2682e-29
   3.2651e-29
  -4.8019e-29
  -9.9405e-30
  -5.4898e-29
  -3.1083e-29
   2.9120e-29
  -5.1528e-29
   3.3621e-29
   1.1867e-30
  -7.5634e-30
   4.7865e-29
  -8.1814e-29
  -2.6053e-29
  -9.8034e-29
  -7.7943e-29
  -8.4232e-29
   9.2455e-30
   3.6817e-29
  -1.7636e-29
  -5.9925e-29
  -5.0945e-29
   8.9410e-29
   4.2974e-29
   7.5436e-29
   3.9095e-29
   7.1736e-29
   1.1328e-28
  -1.9424e-29
   2.6064e-29
   4.0131e-29
  -5.1305e-29
   4.5753e-29
   8.3913e-30
  -1.5423e-28
  -3.6853e-29
  -6.4155e-29
  -5.0851e-29
  -6.0085e-29
   8.7031e-29
  -5.5507e-29
  -4.1447e-29
  -1.8789e-29
  -6.5603e-29
  -8.8941e-29
   4.4080e-29
   9.7844e-29
   1.3789e-29
  -3.7584e-29
  -7.2904e-29
   2.6064e-29
   2.6064e-29
   1.8062e-28
   4.7063e-27
   1.2336e-25
   3.3371e-24
   6.8309e-23
   1.0995e-21
   1.3344e-20
   1.2910e-19
   9.6639e-19
   6.9914e-18
   3.9431e-17
   1.7950e-16
   6.5026e-16
   1.9483e-15
   4.7822e-15
   9.9914e-15
   1.7337e-14
   2.5578e-14
   3.2585e-14
   3.7024e-14
   3.8693e-14
   3.8694e-14
   3.8446e-14
   3.8715e-14
   3.9408e-14
   4.0060e-14
   4.0678e-14
   4.2463e-14
   4.7788e-14
   5.7192e-14
   6.8630e-14
   7.8047e-14
   8.2911e-14
   8.3429e-14
   8.2079e-14
   8.1474e-14
   8.2308e-14
   8.3113e-14
   8.0898e-14
   7.2869e-14
   5.8400e-14
   4.0367e-14
   2.3904e-14
   1.2049e-14
   5.6958e-15
   4.8065e-15
   1.0231e-14
   2.5991e-14
   5.5654e-14
   9.9703e-14
   1.5253e-13
   2.0218e-13
   2.3990e-13
   2.6298e-13
   2.7667e-13
   2.8617e-13
   2.9435e-13
   3.0038e-13
   2.9974e-13
   2.8548e-13
   2.5359e-13
   2.0769e-13
   1.5859e-13
   1.1577e-13
   8.4081e-14
   6.3199e-14
   5.0026e-14
   4.1872e-14
   3.6705e-14
   3.3404e-14
   3.1460e-14
   3.0743e-14
   3.0961e-14
   3.1298e-14
   3.0631e-14
   2.8069e-14
   2.3767e-14
   1.9575e-14
   1.8363e-14
   2.1773e-14
   2.9110e-14
   3.7690e-14
   4.4540e-14
   4.7955e-14
   4.8466e-14
   4.7942e-14
   4.7769e-14
   4.8228e-14
   4.8397e-14
   4.6525e-14
   4.1039e-14
   3.2132e-14
   2.1910e-14
   1.3059e-14
   7.5739e-15
   6.2423e-15
   9.0008e-15
   1.4876e-14
   2.2158e-14
   2.8827e-14
   3.3374e-14
   3.5500e-14
   3.6652e-14
   3.9911e-14
   4.9594e-14
   7.0651e-14
   1.0616e-13
   1.5352e-13
   2.0248e-13
   2.3877e-13
   2.5546e-13
   2.5562e-13
   2.4855e-13
   2.4333e-13
   2.4415e-13
   2.4816e-13
   2.4642e-13
   2.2917e-13
   1.9206e-13
   1.4045e-13
   8.7384e-14
   4.6005e-14
   2.0274e-14
   7.3818e-15
   2.1893e-15
   5.2197e-16
   1.0079e-16
   1.7595e-17
   2.4499e-18
   2.6824e-19
   2.5362e-20
   3.1754e-20
   2.8268e-19
   2.6422e-18
   1.9378e-17
   1.1236e-16
   5.2095e-16
   1.9599e-15
   6.0819e-15
   1.6151e-14
   3.5632e-14
   6.5982e-14
   1.0477e-13
   1.4588e-13
   1.8231e-13
   2.0884e-13
   2.2511e-13
   2.3321e-13
   2.3645e-13
   2.3725e-13
   2.3515e-13
   2.2608e-13
   2.0669e-13
   1.7657e-13
   1.3962e-13
   1.0136e-13
   6.6701e-14
   3.9353e-14
   2.0358e-14
   9.0287e-15
   3.3580e-15
   1.0264e-15
   2.5612e-16
   5.6536e-17
   1.0139e-17
   1.4492e-18
   1.6551e-19
   4.6748e-20
   3.2040e-19
   3.1115e-18
   2.4050e-17
   1.4859e-16
   7.3112e-16
   2.9045e-15
   9.4645e-15
   2.6452e-14
   6.0364e-14
   1.1372e-13
   1.7913e-13
   2.4240e-13
   2.8629e-13
   3.0290e-13
   3.0099e-13
   2.9376e-13
   2.9129e-13
   2.9630e-13
   3.0333e-13
   2.9944e-13
   2.7244e-13
   2.2035e-13
   1.5410e-13
   9.1112e-14
   4.4673e-14
   1.8648e-14
   6.4175e-15
   1.8068e-15
   4.1033e-16
   7.4249e-17
   1.0604e-17
   1.4249e-18
   1.5803e-19
   1.3173e-20
   8.4664e-22
   4.1882e-23
   1.5943e-24
   7.4158e-26
   2.3643e-27
  -1.1703e-28
  -1.1580e-28
   3.4348e-29
   3.6150e-29
   9.7944e-30
   2.9910e-29
   2.8003e-29
   1.5214e-28
   3.6831e-29
   9.3522e-29
   1.6084e-28
   8.3274e-29
   1.3522e-28
   1.3349e-29
   4.4628e-29
   1.6144e-29
   9.8698e-29
  -8.3987e-30
  -4.2165e-29
   1.0307e-28
  -4.7174e-29
   9.4663e-30
   5.6253e-29
   2.2008e-29
   2.2562e-30
  -3.3010e-30
  -1.0596e-29
   2.6954e-29
   9.7506e-29
   1.8874e-28
   2.0625e-28
   1.4286e-28
   7.8191e-29
   1.0246e-28
   7.4826e-29
   1.1729e-28
  -4.0478e-29
  -4.3406e-29
   6.3422e-29
   3.4657e-29
   4.2692e-29
   2.0963e-30
   2.2384e-30
  -6.4629e-29
  -5.1231e-29
   2.4414e-29
  -4.8810e-29
  -3.9988e-29
  -1.3161e-29
   7.8347e-30
   4.5437e-29
   2.5106e-29
   1.1724e-30
   2.6239e-29
   2.9310e-29
  -5.9695e-30
   6.0804e-29
   6.6057e-29
   2.0571e-29
   9.9500e-29
   2.5664e-29
   8.2903e-29
   8.9633e-29
   1.1434e-28
   7.2656e-29
   6.9067e-29
   9.4742e-29
   2.3546e-29
  -5.3538e-29
  -9.1092e-29
  -2.5283e-29
   1.0779e-28
  -5.3746e-29
   3.0855e-29
   2.0084e-29
  -2.3752e-29
  -6.3464e-29
  -1.0783e-28
  -7.0138e-29
  -3.1439e-29
   3.7982e-29
  -1.2052e-29
  -3.3432e-29
   1.3462e-28
   4.6556e-29
   4.4372e-29
   8.5780e-29
   7.0307e-29
   1.0831e-27
   3.0713e-26
   1.0301e-24
   2.5919e-23
   4.9851e-22
   7.3161e-21
   8.1897e-20
   7.6752e-19
   6.7987e-18
   4.6675e-17
   2.5372e-16
   1.1046e-15
   3.9618e-15
